3.433609843323718103e+00 -6.968333333333333712e+01
6.038041246753411251e+00 -9.733333333333332504e+00
4.364701049594699178e+00 -8.929166666666667140e+01
4.364701049594699178e+00 -8.977500000000000568e+01
5.186269618838877271e+00 -8.890833333333333144e+01
4.375206221099330328e+00 -8.795833333333334281e+01
6.287286091004871125e+00 -9.983333333333332504e+00
5.957989700003303746e+00 -8.931666666666666288e+01
5.745954206147236398e+00 -8.890833333333333144e+01
6.096684468756696340e+00 -1.019999999999999929e+01
5.266288156007707499e+00 -9.155833333333333712e+01
3.310055737750891236e+00 -1.002500000000000036e+01
3.473924693416157172e+00 -7.449166666666667425e+01
5.885657999598224777e+00 -9.775000000000000355e+00
4.748203537246443950e+00 -8.683333333333332860e+01
4.832508912706236615e+00 -8.773333333333333428e+01
3.310055737750891236e+00 -9.983333333333332504e+00
5.267859012849408273e+00 -2.659166666666666856e+01
5.397569832055815198e+00 -9.775000000000000355e+00
5.348867328727636483e+00 -4.150000000000000355e+00
5.508704748138777418e+00 -8.943333333333333712e+01
3.103119253545713718e+00 -8.057500000000000284e+01
3.071882007306125484e+00 -7.954166666666667140e+01
3.103119253545713718e+00 -7.876666666666666572e+01
3.467460109507263688e+00 -9.775000000000000355e+00
6.464642134746716451e+00 -1.002500000000000036e+01
4.699933069478627878e+00 -8.693333333333332291e+01
6.291348423032357751e+00 -9.791666666666666075e+00
4.413467412985824900e+00 -8.657500000000000284e+01
4.353242831433729698e+00 -8.620000000000000284e+01
5.694226890935770946e+00 -9.733333333333332504e+00
5.942205053945271764e+00 -8.644166666666667709e+01
5.417302260397216074e+00 -9.050000000000000000e+01
3.488691698316940482e+00 -5.416666666666666430e+01
4.382449319798915610e+00 -8.936666666666667425e+01
5.184580714191061368e+00 -9.012500000000000000e+01
4.278730742746981619e+00 -5.167500000000000426e+01
7.197391144372959459e+00 -1.012500000000000000e+01
5.048950383797495611e+00 -8.916666666666667140e+01
7.295007213999355145e+00 -9.983333333333332504e+00
5.211294117521708458e+00 -6.221666666666666146e+01
3.145196406114181720e+00 -8.084999999999999432e+01
3.803388824983613414e+00 -3.467499999999999716e+01
7.295295333515074532e+00 -1.000833333333333286e+01
4.748203537246443950e+00 -8.947500000000000853e+01
6.006579842443735551e+00 -9.136666666666666003e+01
5.324412106807363543e+00 -9.148333333333333428e+01
5.367935215119008063e+00 -9.128333333333333144e+01
5.708795540585156481e+00 -9.195833333333332860e+01
7.274514101790835241e+00 -1.003333333333333321e+01
4.420830062026113616e+00 -8.944166666666666288e+01
5.769825422634975887e+00 -8.991666666666667140e+01
3.103119253545713718e+00 -7.987500000000000000e+01
4.365993119934445055e+00 -8.906666666666667709e+01
5.545657133040427844e+00 -9.010833333333333428e+01
5.403664336093159548e+00 -8.630833333333333712e+01
3.141136090120738800e+00 -7.836666666666666003e+01
3.287801729930226013e+00 -8.512500000000000000e+01
4.256549382152194028e+00 -1.002500000000000036e+01
3.153509989300837368e+00 -8.032500000000000284e+01
4.814294219937311325e+00 -9.733333333333332504e+00
5.879224943885018817e+00 -9.163333333333333997e+01
4.645481219350119595e+00 -8.979166666666667140e+01
3.911956189072686829e+00 -9.733333333333332504e+00
5.436707956587556900e+00 -9.150833333333333997e+01
4.467386092552350085e+00 -8.883333333333332860e+01
3.787743771646466584e+00 -6.805833333333333712e+01
5.886561221801466459e+00 -9.230000000000001137e+01
3.081707270097349127e+00 -7.227500000000000568e+01
5.184075033448266367e+00 -8.968333333333333712e+01
4.265808017686357090e+00 -8.987500000000000000e+01
4.330332589222979145e+00 -8.908333333333334281e+01
4.273464272621346538e+00 -9.800000000000000711e+00
5.477090853041858054e+00 -9.000833333333333997e+01
4.751209796142372710e+00 -9.012500000000000000e+01
4.408155133886264565e+00 -9.034166666666666856e+01
4.521765525877083469e+00 -9.070000000000000284e+01
4.408155133886264565e+00 -9.026666666666666572e+01
3.482301767223442646e+00 -8.530833333333333712e+01
4.809209444537505540e+00 -9.092499999999999716e+01
4.168762575622356970e+00 -8.894166666666666288e+01
3.432648660013106756e+00 -8.585833333333333428e+01
4.461978476528678073e+00 -9.010000000000000853e+01
5.676518942408275592e+00 -1.031666666666666643e+01
3.518645524330311414e+00 -8.224166666666667425e+01
4.774224904868918706e+00 -8.847500000000000853e+01
3.494711025205262889e+00 -8.404999999999999716e+01
3.616265405281708034e+00 -8.157500000000000284e+01
3.511749711344982927e+00 -7.939166666666666572e+01
4.446304113951923931e+00 -8.797500000000000853e+01
3.853454841368066486e+00 -8.589166666666666572e+01
5.001019394712269417e+00 -9.775000000000000355e+00
3.638589083292716797e+00 -8.424166666666667425e+01
2.864511081058391806e+00 -7.050833333333332575e+01
4.487604955956124186e+00 -8.781666666666666288e+01
3.478566495593843566e+00 -7.997499999999999432e+01
3.838660225988941299e+00 -9.775000000000000355e+00
5.209718709856259622e+00 -9.189166666666666572e+01
3.341632335778054408e+00 -8.045000000000000284e+01
4.932702013702065180e+00 -9.060000000000000853e+01
2.829946695941635948e+00 -9.800000000000000711e+00
4.387087138661004637e+00 -8.945000000000000284e+01
3.530455843584676234e+00 -8.454166666666667140e+01
5.039667879242899495e+00 -9.188333333333332575e+01
5.520074592520460399e+00 -9.078333333333333144e+01
3.196452541703389105e+00 -6.895000000000000284e+01
4.391164551697126939e+00 -8.831666666666666288e+01
3.678154038010437166e+00 -7.575833333333333997e+01
3.413802516769351314e+00 -7.960000000000000853e+01
5.223563429182390472e+00 -9.220000000000000284e+01
3.554852434372054226e+00 -8.513333333333333997e+01
4.368286884902130573e+00 -9.054166666666667140e+01
3.546048866401734223e+00 -7.761666666666667425e+01
4.311117842662505417e+00 -8.850833333333333997e+01
4.642968760855551658e+00 -8.820833333333332860e+01
5.540200544036123276e+00 -9.215000000000000568e+01
4.633478555333820026e+00 -8.890000000000000568e+01
3.224274014294257640e+00 -7.011666666666667425e+01
3.859618578772180619e+00 -8.520000000000000284e+01
3.616370472291269511e+00 -9.733333333333332504e+00
3.434249452396475277e+00 -8.015000000000000568e+01
5.089010886543542611e+00 -9.141666666666667140e+01
4.101609617233111571e+00 -9.733333333333332504e+00
4.728824350916869257e+00 -9.076666666666666572e+01
5.378490564779657923e+00 -7.317499999999999716e+01
5.690103006952777598e+00 -9.006666666666666288e+01
3.369215857410142956e+00 -8.287500000000000000e+01
6.580081214912021359e+00 -9.140000000000000568e+01
3.129689892199301049e+00 -7.074166666666667425e+01
4.320852219831754049e+00 -8.850833333333333997e+01
3.371621927176021494e+00 -8.236666666666666003e+01
4.364926033789975790e+00 -8.709166666666666856e+01
6.054831678663784800e+00 -8.967500000000001137e+01
4.751024921140632351e+00 -8.829999999999999716e+01
3.333648756514701272e+00 -7.568333333333333712e+01
3.401055725771843896e+00 -8.063333333333333997e+01
3.859618578772180619e+00 -8.606666666666666288e+01
3.853211334503316987e+00 -8.344166666666666288e+01
3.507180977260240695e+00 -8.309999999999999432e+01
5.002559125598757817e+00 -9.154166666666667140e+01
3.355259905527378628e+00 -7.731666666666666288e+01
3.192567453336545569e+00 -7.471666666666666856e+01
4.368286884902130573e+00 -8.831666666666666288e+01
2.923244018630276386e+00 -7.861666666666667425e+01
5.701641368579286606e+00 -9.083333333333332860e+01
5.412707445470785750e+00 -9.112500000000000000e+01
3.141136090120738800e+00 -7.764166666666666572e+01
5.047216438187252407e+00 -9.157499999999998863e+01
3.551205943747906435e+00 -8.072500000000000853e+01
3.477555332198980942e+00 -8.379166666666665719e+01
3.444044795918076218e+00 -8.237500000000000000e+01
5.176655475221056513e+00 -9.106666666666666288e+01
5.471601182310094735e+00 -9.190833333333333144e+01
3.288249225571985956e+00 -8.288333333333332575e+01
3.703549298238230314e+00 -8.436666666666667425e+01
2.649334858712141916e+00 -5.524166666666666714e+01
4.032578471924312069e+00 -8.754999999999999716e+01
6.527413472936188121e+00 -7.207500000000000284e+01
3.061452479087193090e+00 -7.726666666666666572e+01
4.364926033789975790e+00 -8.890833333333333144e+01
2.923244018630276386e+00 -7.856666666666666288e+01
4.561816664318957493e+00 -8.944166666666666288e+01
3.515741416669365016e+00 -8.190833333333333144e+01
4.994796504024089145e+00 -9.066666666666665719e+01
3.327358934386330347e+00 -8.073333333333333428e+01
3.478422187740080496e+00 -8.346666666666666856e+01
5.209793731421584084e+00 -8.921666666666666856e+01
4.449107972426487478e+00 -8.867499999999999716e+01
3.752278985460118843e+00 -8.500000000000000000e+01
3.958563883221967394e+00 -8.592499999999999716e+01
3.141136090120738800e+00 -7.911666666666667425e+01
5.015904377895552990e+00 -9.056666666666666288e+01
2.835056101720116128e+00 -7.115000000000000568e+01
5.762506762157604712e+00 -9.196666666666666856e+01
3.378397900948137522e+00 -7.359999999999999432e+01
6.004232355791127240e+00 -9.084166666666666856e+01
3.305781151254982397e+00 -8.129999999999999716e+01
3.466274321789291957e+00 -8.718333333333333712e+01
5.030134012287374112e+00 -9.065833333333333144e+01
3.342027688087471748e+00 -8.254999999999999716e+01
4.886778279545854531e+00 -9.078333333333333144e+01
5.227220618513008787e+00 -9.159166666666666856e+01
3.683227206041435053e+00 -8.278333333333333144e+01
6.038802900682286534e+00 -9.071666666666666856e+01
3.529943401658669266e+00 -8.423333333333333428e+01
5.200070365033233166e+00 -9.190000000000000568e+01
3.246744709723841549e+00 -8.190833333333333144e+01
5.553144826863691819e+00 -9.091666666666667140e+01
5.447305356264513954e+00 -8.992499999999999716e+01
2.923244018630276386e+00 -7.956666666666666288e+01
4.351293718309777070e+00 -9.051666666666666572e+01
4.088136088700551340e+00 -9.039166666666666572e+01
3.469969209499959462e+00 -8.240833333333333144e+01
5.014188600873136004e+00 -9.174166666666666003e+01
4.014898386946205378e+00 -7.378333333333333144e+01
4.367505009418112039e+00 -8.989166666666666572e+01
2.688419822002710458e+00 -6.055833333333333712e+01
4.287533011050721932e+00 -9.027500000000000568e+01
3.143639235274543253e+00 -7.675000000000000000e+01
4.733919151012391247e+00 -9.053333333333333144e+01
5.060085620288005792e+00 -9.018333333333333712e+01
3.174931593528442342e+00 -8.401666666666666572e+01
4.333930674396657245e+00 -9.018333333333333712e+01
3.551205943747906435e+00 -8.285833333333333428e+01
5.201618312343593509e+00 -9.114999999999999147e+01
5.099145210671408357e+00 -9.089166666666666572e+01
3.711638538232349127e+00 -7.760000000000000853e+01
4.727232098507561098e+00 -9.082500000000000284e+01
3.342027688087471748e+00 -8.212500000000000000e+01
4.244029589030021477e+00 -9.031666666666666288e+01
3.444044795918076218e+00 -7.878333333333333144e+01
4.199810008953806850e+00 -9.800000000000000711e+00
3.484584529282842791e+00 -8.568333333333333712e+01
5.513610418902656463e+00 -9.034999999999999432e+01
3.800991861260171412e+00 -8.530833333333333712e+01
3.291812687467118970e+00 -8.077499999999999147e+01
6.396948338486649455e+00 -9.084166666666666856e+01
5.169653864820875633e+00 -9.207499999999998863e+01
5.940019152238393829e+00 -9.028333333333333144e+01
5.269122837996282449e+00 -9.154166666666667140e+01
4.362520172288796516e+00 -8.829166666666667140e+01
4.085361943686129038e+00 -8.924166666666666003e+01
5.226329192242924471e+00 -9.119166666666667709e+01
5.583236191985631258e+00 -9.095000000000000284e+01
4.429784568354670604e+00 -8.628333333333333144e+01
4.370105805430378965e+00 -8.845833333333334281e+01
4.705401815129262033e+00 -1.003333333333333321e+01
4.447948348185430056e+00 -9.060000000000000853e+01
3.529943401658669266e+00 -8.364166666666666572e+01
5.323571771778265571e+00 -9.128333333333333144e+01
3.764475027434408982e+00 -8.158333333333332860e+01
4.222326210990811290e+00 -8.861666666666666003e+01
2.900913067737668882e+00 -7.313333333333332575e+01
4.334594471932281756e+00 -9.027500000000000568e+01
3.437116093048078636e+00 -8.148333333333333428e+01
4.833701583359920839e+00 -9.014999999999999147e+01
3.305781151254982397e+00 -8.247499999999999432e+01
2.845098040014256924e+00 -7.184166666666666856e+01
4.334594471932281756e+00 -9.001666666666666572e+01
2.826074802700826449e+00 -7.034166666666666856e+01
3.469969209499959462e+00 -8.275000000000000000e+01
5.539985156829781765e+00 -9.111666666666667425e+01
3.141136090120738800e+00 -7.716666666666665719e+01
3.837840861655522851e+00 -8.482499999999998863e+01
2.923244018630276386e+00 -8.090833333333333144e+01
4.153570981433779785e+00 -8.771666666666666856e+01
3.412124406173317137e+00 -8.230833333333332291e+01
5.421566088959884233e+00 -8.963333333333332575e+01
6.652206585279049733e+00 -8.970833333333332860e+01
3.180699201296034673e+00 -8.129999999999999716e+01
4.155943017971837072e+00 -8.962500000000000000e+01
2.824776462475545813e+00 -7.721666666666666856e+01
3.451479405124861621e+00 -8.336666666666666003e+01
5.144378030316355321e+00 -9.084166666666666856e+01
4.317185507615435291e+00 -8.621666666666666856e+01
3.759667844689630556e+00 -8.369166666666666288e+01
2.851258348719075464e+00 -7.929166666666667140e+01
4.649733914639592847e+00 -8.795833333333334281e+01
3.515741416669365016e+00 -8.295833333333332860e+01
5.422726048429098888e+00 -9.129999999999999716e+01
3.819741297273010261e+00 -7.189999999999999147e+01
3.559906625036112437e+00 -8.702499999999999147e+01
3.667826378950711064e+00 -8.397499999999999432e+01
3.198657086954422635e+00 -9.775000000000000355e+00
3.333648756514701272e+00 -8.248333333333333428e+01
4.831837792655103492e+00 -9.079166666666667140e+01
4.296028636106722587e+00 -9.045000000000000284e+01
4.226702989585221282e+00 -8.995000000000000284e+01
4.763727403765698476e+00 -8.875833333333332575e+01
3.815245591916563317e+00 -1.012500000000000000e+01
3.562530768862261166e+00 -8.459166666666666856e+01
5.165635994104873951e+00 -8.920000000000000284e+01
4.496320655774950659e+00 -1.002500000000000036e+01
5.877881946398271218e+00 -8.980833333333333712e+01
6.183895062265700737e+00 -9.800000000000000711e+00
2.851258348719075464e+00 -7.624166666666666003e+01
3.856668483611534803e+00 -8.529166666666667140e+01
5.407895446745114576e+00 -8.673333333333333428e+01
3.506369717095504157e+00 -7.116666666666667140e+01
4.339212861654641706e+00 -9.018333333333333712e+01
5.458551736887404360e+00 -9.007500000000000284e+01
4.193180273565345395e+00 -8.917500000000001137e+01
5.514541112021108304e+00 -8.954166666666665719e+01
4.142702245737615918e+00 -1.003333333333333321e+01
5.587954415899067051e+00 -9.059166666666666856e+01
2.917505509552546616e+00 -7.699166666666667425e+01
5.490499253852210160e+00 -8.371666666666666856e+01
2.959518376972998244e+00 -8.085833333333333428e+01
5.277451051896779433e+00 -8.995833333333332860e+01
4.833956275397014224e+00 -9.024166666666666003e+01
6.126042070488049163e+00 -9.061666666666667425e+01
4.325063893564886186e+00 -9.040000000000000568e+01
2.824776462475545813e+00 -7.315833333333333144e+01
4.345569756056391952e+00 -8.983333333333332860e+01
3.345177616542704069e+00 -8.116666666666667140e+01
6.580261172153693217e+00 -9.800000000000000711e+00
3.210853365314893182e+00 -7.750000000000000000e+01
3.190331698170291386e+00 -8.548333333333333428e+01
3.311753861055754200e+00 -8.290833333333333144e+01
2.840106094456757990e+00 -7.389166666666666572e+01
3.357744325180375355e+00 -8.276666666666666572e+01
3.629613445378183201e+00 -8.379166666666665719e+01
3.683227206041435053e+00 -8.373333333333333428e+01
6.581206548856383343e+00 -9.135833333333333428e+01
3.301464073143299593e+00 -8.267499999999999716e+01
3.759667844689630556e+00 -8.473333333333333428e+01
5.893505436045462176e+00 -9.139166666666666572e+01
4.315970345456917379e+00 -8.236666666666666003e+01
4.740046724051493854e+00 -8.641666666666665719e+01
4.316829691494308285e+00 -8.930833333333333712e+01
4.236335685953906527e+00 -8.929999999999999716e+01
2.962842681201242279e+00 -7.790833333333333144e+01
4.373739318351445249e+00 -7.760833333333333428e+01
5.099262716460547296e+00 -9.161666666666667425e+01
5.190726586470563397e+00 -9.176666666666666572e+01
4.234694407142217898e+00 -9.001666666666666572e+01
3.630631244020499970e+00 -8.470000000000000284e+01
2.976808337338066046e+00 -6.686666666666666003e+01
4.853892809956602328e+00 -8.543333333333332291e+01
5.385947498550279100e+00 -8.065000000000000568e+01
3.447932865592180374e+00 -8.325000000000000000e+01
3.886490725172481842e+00 -9.775000000000000355e+00
5.520449469092638672e+00 -8.838333333333333997e+01
2.888740960682892656e+00 -7.896666666666666856e+01
5.654862589447872345e+00 -9.087500000000000000e+01
5.263131662842845060e+00 -9.069166666666667709e+01
4.593629378457008805e+00 -9.063333333333332575e+01
4.624612075512976261e+00 -9.034166666666666856e+01
2.926856708949692187e+00 -7.963333333333333997e+01
3.667826378950711064e+00 -8.437500000000000000e+01
3.726808682524963778e+00 -8.541666666666665719e+01
5.195296200252720098e+00 -9.118333333333333712e+01
4.811635320360226231e+00 -9.053333333333333144e+01
3.318480725174517421e+00 -7.486666666666667425e+01
4.216113097315181690e+00 -8.948333333333333428e+01
5.497526738118708955e+00 -9.775000000000000355e+00
3.453012391121455416e+00 -8.174166666666667425e+01
5.212669590229574546e+00 -9.083333333333332860e+01
5.387113854884844955e+00 -9.058333333333334281e+01
3.751587005082310355e+00 -8.041666666666667140e+01
2.959518376972998244e+00 -7.992499999999999716e+01
4.162892840714254916e+00 -8.840833333333333144e+01
3.703978825008385822e+00 -8.377500000000000568e+01
4.983373664433904615e+00 -9.067499999999999716e+01
3.488268615495460079e+00 -8.468333333333333712e+01
3.025305865264770411e+00 -7.675000000000000000e+01
5.522620263157545395e+00 -9.112500000000000000e+01
5.153125541769322915e+00 -9.091666666666667140e+01
5.098259438816537426e+00 -9.111666666666667425e+01
5.008570366215898240e+00 -9.217499999999999716e+01
3.584331224367530933e+00 -2.884166666666666501e+01
6.182189742661992504e+00 -9.142499999999999716e+01
2.851258348719075464e+00 -7.500000000000000000e+01
5.445485884718278768e+00 -9.146666666666666856e+01
4.724783615276809456e+00 -9.076666666666666572e+01
5.431887818223680497e+00 -9.034999999999999432e+01
3.218010042984363217e+00 -8.056666666666666288e+01
3.913707913980482900e+00 -8.898333333333333428e+01
4.221674997070769209e+00 -8.950000000000000000e+01
3.214313897424399435e+00 -8.126666666666666572e+01
3.497482537367370359e+00 -8.150000000000000000e+01
4.620198538893281359e+00 -8.997500000000000853e+01
5.644141079575190290e+00 -9.107499999999998863e+01
3.690196080028513848e+00 -8.633333333333332860e+01
4.193681029541281191e+00 -8.950833333333333997e+01
5.512377507312931080e+00 -9.144166666666666288e+01
5.279625884856161022e+00 -8.996666666666666856e+01
5.241982050713054342e+00 -9.100000000000000000e+01
4.894160929808381688e+00 -8.929999999999999716e+01
4.072690955012868486e+00 -8.920000000000000284e+01
3.630224410752432185e+00 -7.788333333333333997e+01
2.992553517832135412e+00 -7.871666666666666856e+01
3.773347541980823117e+00 -8.609166666666666856e+01
5.339403735860026146e+00 -6.324999999999999289e+01
3.715669142400990221e+00 -8.545000000000000284e+01
3.923244018630276386e+00 -8.573333333333333428e+01
3.371621927176021494e+00 -8.244166666666666288e+01
5.022692249662083164e+00 -9.064166666666666572e+01
4.479863113023097476e+00 -1.019999999999999929e+01
6.197939633900514167e+00 -9.165833333333333144e+01
4.722946370535935579e+00 -9.022499999999999432e+01
5.103345247068317825e+00 -9.056666666666666288e+01
4.589234492415504185e+00 -9.085833333333333428e+01
5.141029386172573545e+00 -9.097499999999999432e+01
5.095054221972937114e+00 -9.076666666666666572e+01
6.327945091664719968e+00 -9.160000000000000853e+01
3.540829814111079887e+00 -8.365833333333333144e+01
4.227861005955013241e+00 -9.064999999999999147e+01
2.809559714635267547e+00 -7.087500000000000000e+01
4.198024425533120052e+00 -8.879999999999999716e+01
3.524655712357777304e+00 -8.333333333333334281e+01
5.097448204555774076e+00 -8.905833333333332291e+01
5.458714882257954315e+00 -9.075000000000000000e+01
4.763240757310025053e+00 -8.955833333333332291e+01
4.225722698684166723e+00 -8.763333333333332575e+01
5.263995662244254525e+00 -9.103333333333333144e+01
5.277955137011584696e+00 -8.970000000000000284e+01
5.134454431788266326e+00 -9.166666666666665719e+01
3.189770956346873909e+00 -7.447500000000000853e+01
5.148846260221974447e+00 -9.120000000000000284e+01
4.263351968393565450e+00 -9.015833333333333144e+01
3.212187604403957675e+00 -8.061666666666667425e+01
3.705521613422667393e+00 -8.412500000000000000e+01
5.069179518343939428e+00 -9.129999999999999716e+01
4.289655830526750258e+00 -8.990000000000000568e+01
3.360593413565248877e+00 -8.519166666666666288e+01
3.034628456625320325e+00 -8.178333333333333144e+01
2.591064607026499100e+00 -7.201666666666666572e+01
6.079839788381196541e+00 -8.970833333333332860e+01
5.280878721786852026e+00 -9.800000000000000711e+00
3.024485667699166935e+00 -7.509999999999999432e+01
4.640709952883035783e+00 -9.066666666666665719e+01
2.818225893613955702e+00 -7.443333333333332291e+01
3.633468455579586642e+00 -8.298333333333333428e+01
3.444669230938524507e+00 -7.977499999999999147e+01
5.006153580146637694e+00 -9.183333333333332860e+01
3.180125875164053983e+00 -8.074166666666667425e+01
3.655906418180215223e+00 -9.733333333333332504e+00
4.227861005955013241e+00 -8.962500000000000000e+01
3.020361282647707757e+00 -7.943333333333333712e+01
5.498653717623642301e+00 -9.093333333333333712e+01
3.613630434925240387e+00 -8.282500000000000284e+01
3.491221576239282864e+00 -7.243333333333333712e+01
5.916058428918320011e+00 -8.889166666666666572e+01
5.176360438197547431e+00 -8.991666666666667140e+01
3.633468455579586642e+00 -8.190833333333333144e+01
3.510813010512495946e+00 -7.529999999999999716e+01
4.615265998899150013e+00 -8.988333333333333997e+01
5.814828708436787785e+00 -8.938333333333333997e+01
2.986771734266244760e+00 -7.138333333333332575e+01
4.625713627811201434e+00 -9.021666666666666856e+01
2.977723605288847608e+00 -7.621666666666666856e+01
3.432167269442588431e+00 -8.258333333333332860e+01
5.980730830533702580e+00 -1.002500000000000036e+01
4.177969136009376250e+00 -8.918333333333333712e+01
3.305781151254982397e+00 -8.090833333333333144e+01
2.591064607026499100e+00 -7.202499999999999147e+01
4.865488921876963246e+00 -8.922499999999999432e+01
3.473340964185935409e+00 -8.229999999999999716e+01
3.888797067456680523e+00 -8.044166666666666288e+01
3.169086357487022720e+00 -6.542499999999999716e+01
4.057019124322765791e+00 -8.901666666666666572e+01
3.125481265700594147e+00 -7.299166666666666003e+01
4.175569792734991736e+00 -7.342499999999999716e+01
4.632305414413670164e+00 -8.898333333333333428e+01
5.138615277678126425e+00 -9.088333333333333997e+01
3.358125285276648775e+00 -7.064166666666666572e+01
5.503646348056364879e+00 -8.388333333333332575e+01
3.211387552936858736e+00 -2.309166666666666501e+01
4.866641720566040163e+00 -8.998333333333333428e+01
3.826074802700826449e+00 -8.401666666666666572e+01
5.079951435411977911e+00 -9.050000000000000000e+01
3.100715086573081702e+00 -7.807500000000000284e+01
4.472024697700281770e+00 -7.991666666666667140e+01
4.867143266506253063e+00 -9.068333333333333712e+01
3.633468455579586642e+00 -8.405833333333333712e+01
3.461648568063455222e+00 -8.402500000000000568e+01
4.930872653792661708e+00 -9.018333333333333712e+01
3.112939976084080129e+00 -7.738333333333333997e+01
5.812260756699981101e+00 -9.051666666666666572e+01
2.596597095626460128e+00 -6.068333333333333712e+01
3.637989780784685490e+00 -8.260833333333333428e+01
4.471335725161157626e+00 -8.952500000000000568e+01
4.789538408693583271e+00 -8.903333333333333144e+01
6.643060153572011295e+00 -8.836666666666667425e+01
4.635272580112364871e+00 -9.055833333333332291e+01
4.865488921876963246e+00 -8.655833333333333712e+01
2.519827993775718866e+00 -5.646666666666666856e+01
3.360971883725935694e+00 -8.288333333333332575e+01
4.941933596157501718e+00 -8.937500000000000000e+01
3.335858911319817821e+00 -7.760833333333333428e+01
5.504741277825766055e+00 -9.115833333333333144e+01
3.279894980011638150e+00 -7.391666666666665719e+01
4.037267094568710135e+00 -8.754166666666665719e+01
3.896581327505732606e+00 -8.678333333333333144e+01
5.247224260298316345e+00 -9.140833333333333144e+01
5.782696163785369770e+00 -9.049166666666667425e+01
4.835753967519383245e+00 -8.896666666666666856e+01
4.185117001142591775e+00 -9.018333333333333712e+01
2.591064607026499100e+00 -7.128333333333333144e+01
4.661187760411323211e+00 -8.765833333333333144e+01
4.895317551222014174e+00 -8.300833333333332575e+01
3.039017321997412147e+00 -7.769166666666666288e+01
3.629613445378183201e+00 -8.635833333333333428e+01
5.667425867013126783e+00 -8.102500000000000568e+01
4.951701707062041713e+00 -9.118333333333333712e+01
5.279363470574561568e+00 -9.061666666666667425e+01
5.008084673466554726e+00 -9.131666666666666288e+01
3.024485667699166935e+00 -7.419166666666666288e+01
3.560862694727464639e+00 -8.616666666666667140e+01
4.441914975929847742e+00 -8.753333333333333144e+01
3.406199423663312853e+00 -7.324166666666667425e+01
4.505326374625105323e+00 -8.905833333333332291e+01
5.144723616566762914e+00 -9.139166666666666572e+01
4.063070525642960007e+00 -8.827500000000000568e+01
3.092369699629120561e+00 -7.804999999999999716e+01
2.851258348719075464e+00 -7.635833333333333428e+01
4.079289806098659987e+00 -8.461666666666666003e+01
5.749188078596523255e+00 -9.040833333333333144e+01
5.139012781045359191e+00 -9.110000000000000853e+01
3.267875419318897467e+00 -7.569166666666666288e+01
3.868820706197517278e+00 -8.891666666666667140e+01
4.263801707916311301e+00 -8.976666666666666572e+01
4.583561479476209399e+00 -8.659166666666666856e+01
4.844116667360274242e+00 -3.290833333333333144e+01
5.008570366215898240e+00 -9.100833333333333997e+01
4.382251246146584123e+00 -8.875000000000000000e+01
4.288517501797073805e+00 -8.986666666666666003e+01
3.336259552014193108e+00 -7.950000000000000000e+01
3.340047317661392956e+00 -8.043333333333333712e+01
3.911157608739976421e+00 -1.003333333333333321e+01
4.977984103836238461e+00 -9.127499999999999147e+01
4.678591210581774185e+00 -9.115833333333333144e+01
5.528970662511549783e+00 -9.070000000000000284e+01
4.187069271230423162e+00 -8.781666666666666288e+01
5.338113703996018700e+00 -8.966666666666665719e+01
3.432167269442588431e+00 -8.320000000000000284e+01
4.621186671470898233e+00 -9.022499999999999432e+01
4.382017042574868348e+00 -9.775000000000000355e+00
4.804384804157511013e+00 -9.128333333333333144e+01
2.809559714635267547e+00 -6.478333333333333144e+01
4.096771016533224952e+00 -8.961666666666666003e+01
3.444044795918076218e+00 -8.016666666666665719e+01
5.077087976802894254e+00 -9.179166666666667140e+01
3.351409751925439107e+00 -8.283333333333334281e+01
6.409370542087232003e+00 -9.014166666666666572e+01
5.468840432536253182e+00 -9.015833333333333144e+01
4.029099566823543199e+00 -8.503333333333333144e+01
5.017129374574922807e+00 -9.097499999999999432e+01
5.034720679271312171e+00 -9.028333333333333144e+01
3.024485667699166935e+00 -7.450833333333332575e+01
5.085154951546799751e+00 -9.088333333333333997e+01
3.071145290451082754e+00 -8.201666666666666572e+01
4.569315375416978853e+00 -9.092499999999999716e+01
4.936508715893300980e+00 -9.115833333333333144e+01
3.898341165727509328e+00 -8.117499999999999716e+01
3.841984804590113711e+00 -7.812500000000000000e+01
3.089905111439398055e+00 -8.100000000000000000e+01
3.830139387425342878e+00 -8.844999999999998863e+01
4.796768542903085297e+00 -8.952500000000000568e+01
4.422294300893562458e+00 -7.787500000000000000e+01
4.978070901974211537e+00 -9.082500000000000284e+01
4.152227171838141828e+00 -8.465000000000000568e+01
4.448056710886212350e+00 -8.564166666666666572e+01
4.220108088040054994e+00 -9.064999999999999147e+01
5.048162024696940975e+00 -8.999166666666667425e+01
4.447901898749719862e+00 -8.912500000000000000e+01
5.051372509259591581e+00 -9.180833333333333712e+01
3.140508043038179764e+00 -8.086666666666666003e+01
5.505049536106887409e+00 -9.098333333333333428e+01
3.568905414982878721e+00 -8.265000000000000568e+01
2.602059991327962507e+00 -7.200000000000000000e+01
3.580240508265376320e+00 -8.526666666666666572e+01
5.339610421625559766e+00 -8.764166666666666572e+01
3.491501766237326443e+00 -8.436666666666667425e+01
4.801273333496105522e+00 -9.097499999999999432e+01
5.035981761750868202e+00 -8.919166666666666288e+01
4.185117001142591775e+00 -8.936666666666667425e+01
3.884285462339675199e+00 -8.452499999999999147e+01
5.008570366215898240e+00 -9.174166666666666003e+01
3.977677887673993773e+00 -8.784166666666666856e+01
3.931356150467927968e+00 -8.639166666666666572e+01
5.795153965273852847e+00 -9.113333333333332575e+01
2.700703717145019223e+00 -7.153333333333333144e+01
3.385606273598312121e+00 -6.337500000000000000e+01
5.006153580146637694e+00 -9.112500000000000000e+01
3.285332227643884551e+00 -8.010833333333333428e+01
4.788430000720469870e+00 -1.031666666666666643e+01
3.677789391068861047e+00 -8.379999999999999716e+01
3.681241237375587172e+00 -8.319166666666666288e+01
3.354108439147400755e+00 -7.918333333333332291e+01
4.333286021554433987e+00 -8.483333333333334281e+01
3.420120848085702825e+00 -8.237500000000000000e+01
3.407390904470731563e+00 -8.415000000000000568e+01
3.151063253353750149e+00 -8.204999999999999716e+01
2.591064607026499100e+00 -7.229999999999999716e+01
3.314920055992419901e+00 -7.240833333333333144e+01
5.004454651636483398e+00 -9.123333333333333428e+01
3.566555330883054875e+00 -8.230833333333332291e+01
4.338317018854096929e+00 -9.020833333333332860e+01
3.026124516745450244e+00 -7.307500000000000284e+01
3.825296264430960047e+00 -8.819166666666666288e+01
3.369215857410142956e+00 -7.883333333333332860e+01
4.247359422468936607e+00 -8.934999999999999432e+01
3.640878778701618135e+00 -8.331666666666667709e+01
3.693287157005655352e+00 -8.539999999999999147e+01
4.156185572840975340e+00 -8.375000000000000000e+01
3.192567453336545569e+00 -7.654999999999999716e+01
3.808616035426991786e+00 -8.550833333333332575e+01
5.083305494270303093e+00 -9.120833333333334281e+01
3.039017321997412147e+00 -7.978333333333333144e+01
4.916701294350832363e+00 -9.085833333333333428e+01
3.701567985055927323e+00 -8.439999999999999147e+01
3.597585501752204706e+00 -8.125000000000000000e+01
3.396199347095736343e+00 -8.395833333333332860e+01
4.901529154117123532e+00 -9.135833333333333428e+01
5.413790792502446436e+00 -8.960000000000000853e+01
2.986771734266244760e+00 -7.228333333333333144e+01
5.439207914946363687e+00 -9.053333333333333144e+01
5.035981761750868202e+00 -8.897500000000000853e+01
4.402450538851364392e+00 -8.690833333333333144e+01
4.837695736116295109e+00 -9.040833333333333144e+01
3.820004306808317818e+00 -8.746666666666666856e+01
4.098955060438469467e+00 -8.973333333333333428e+01
4.100852826657300554e+00 -7.626666666666666572e+01
4.227861005955013241e+00 -8.976666666666666572e+01
3.482301767223442646e+00 -8.229999999999999716e+01
5.008570366215898240e+00 -9.141666666666667140e+01
4.982899600456029532e+00 -9.041666666666667140e+01
3.547282307963303349e+00 -8.098333333333333428e+01
4.185117001142591775e+00 -8.946666666666666856e+01
5.076560348450925630e+00 -8.921666666666666856e+01
4.447901898749719862e+00 -8.992499999999999716e+01
5.170927318913131288e+00 -9.110833333333333428e+01
3.440121603187803689e+00 -8.379166666666665719e+01
4.219453537076811145e+00 -8.927500000000000568e+01
3.825296264430960047e+00 -8.723333333333333428e+01
4.319980017164955832e+00 -8.894166666666666288e+01
4.286186916941037595e+00 -8.520833333333332860e+01
5.050754719588618435e+00 -9.116666666666665719e+01
6.091947839450611468e+00 -9.027500000000000568e+01
3.445604203273597399e+00 -7.850000000000000000e+01
4.505773828352780619e+00 -9.045833333333332860e+01
4.638269558207698040e+00 -8.371666666666666856e+01
4.360952968049114808e+00 -9.021666666666666856e+01
5.139012781045359191e+00 -9.128333333333333144e+01
5.345016736940233493e+00 -9.070000000000000284e+01
4.707978731614335111e+00 -9.054999999999999716e+01
