1.792313265800476074e+01 3.182012874177256094e+02
1.580145885944366455e+02 3.182012874177256094e+02
1.687836592197418213e+02 3.894834410035895189e+02
2.027050502300262451e+02 3.912405021629521116e+02
3.779147679805755615e+02 3.912405021629521116e+02
4.071694996356964111e+02 3.912405021629521116e+02
4.264271991252899170e+02 3.912405021629521116e+02
5.413849177360534668e+02 3.912405021629521116e+02
5.533628318309783936e+02 3.912405021629521116e+02
7.301649179458618164e+02 3.912405021629521116e+02
7.665259749889373779e+02 3.961156216180717138e+02
2.155786018133163452e+03 3.973542515264392705e+02
2.162595006942749023e+03 4.016374011723977446e+02
2.288288562059402466e+03 4.016374011723977446e+02
2.327779965162277222e+03 4.016374011723977446e+02
2.365432971239089966e+03 4.016374011723977446e+02
3.745019555091857910e+03 4.016374011723977446e+02
4.999092233419418335e+03 4.016374011723977446e+02
5.017663370370864868e+03 4.016374011723977446e+02
6.396084064960479736e+03 4.016374011723977446e+02
6.534629024505615234e+03 4.016374011723977446e+02
6.898957863092422485e+03 4.328860359444024652e+02
6.923523132801055908e+03 4.353706985723763410e+02
7.287697579622268677e+03 4.353706985723763410e+02
7.296691859245300293e+03 4.353706985723763410e+02
7.772651752471923828e+03 4.353706985723763410e+02
7.823069198846817017e+03 4.353706985723763410e+02
8.252047661304473877e+03 4.353706985723763410e+02
8.729442389488220215e+03 4.353706985723763410e+02
8.758634197711944580e+03 4.354351510495317825e+02
8.794095493793487549e+03 4.354351510495317825e+02
8.908065678119659424e+03 4.354351510495317825e+02
8.922044363975524902e+03 4.354351510495317825e+02
9.240304161787033081e+03 4.354351510495317825e+02
9.275115036487579346e+03 4.354351510495317825e+02
9.292975267887115479e+03 4.354637486541676026e+02
9.301575685501098633e+03 4.354637486541676026e+02
9.443296967506408691e+03 4.354637486541676026e+02
9.585029461383819580e+03 4.354637486541676026e+02
9.707756955623626709e+03 4.354637486541676026e+02
9.950978447914123535e+03 4.354637486541676026e+02
9.975799287319183350e+03 4.357959614211304711e+02
9.990701998472213745e+03 4.357959614211304711e+02
1.014706239557266235e+04 4.357959614211304711e+02
1.018823464441299438e+04 4.357959614211304711e+02
1.066185505986213684e+04 4.357959614211304711e+02
1.069891040396690369e+04 4.357959614211304711e+02
1.082762126374244690e+04 4.357959614211304711e+02
1.083996865177154541e+04 4.367124432048964309e+02
1.102327307510375977e+04 4.367124432048964309e+02
1.103487027835845947e+04 4.367124432048964309e+02
1.107489837050437927e+04 4.367124432048964309e+02
1.144025472617149353e+04 4.367124432048964309e+02
1.147721011543273926e+04 4.367124432048964309e+02
1.148928319454193115e+04 4.367124432048964309e+02
1.150427637314796448e+04 4.367124432048964309e+02
1.151226323246955872e+04 4.367124432048964309e+02
1.162093812608718872e+04 4.412672039138238915e+02
1.164224350738525391e+04 4.412672039138238915e+02
1.200811131453514099e+04 4.412672039138238915e+02
1.204496069574356079e+04 4.412672039138238915e+02
1.208589308667182922e+04 4.412672039138238915e+02
1.209719202375411987e+04 4.412761889054045810e+02
1.219372213983535767e+04 4.412761889054045810e+02
1.266969634723663330e+04 4.412761889054045810e+02
1.270572668385505676e+04 4.412761889054045810e+02
1.271234794354438782e+04 4.412761889054045810e+02
1.275831750774383545e+04 4.419982804879557534e+02
1.276424820899963379e+04 4.419982804879557534e+02
1.285387278890609741e+04 4.419982804879557534e+02
1.289478982234001160e+04 4.425287077798762994e+02
1.337262269067764282e+04 4.425287077798762994e+02
1.339959273862838745e+04 4.425287077798762994e+02
1.343447531104087830e+04 4.425287077798762994e+02
1.344600896048545837e+04 4.426370505093884731e+02
1.348152059507369995e+04 4.429087429964121156e+02
1.372562565135955811e+04 4.431755302722089596e+02
1.378558659529685974e+04 4.431755302722089596e+02
1.381532534480094910e+04 4.433191730847938175e+02
1.386086988425254822e+04 4.434220157948745964e+02
1.387222191524505615e+04 4.437746142343738143e+02
1.393210753273963928e+04 4.441885799576141380e+02
1.405082248997688293e+04 4.441885799576141380e+02
1.413880469226837158e+04 4.441885799576141380e+02
1.415668183135986328e+04 4.441885799576141380e+02
1.416794950509071350e+04 4.441885799576141380e+02
1.417622477984428406e+04 4.441885799576141380e+02
1.420033320689201355e+04 4.441885799576141380e+02
1.456587285828590393e+04 4.441885799576141380e+02
1.504722124838829041e+04 4.441885799576141380e+02
1.506443939232826233e+04 4.441990902154225864e+02
1.512666103887557983e+04 4.441990902154225864e+02
1.519039454555511475e+04 4.441990902154225864e+02
1.523195827245712280e+04 4.588204686069399258e+02
1.527627692413330078e+04 4.588204686069399258e+02
1.532899333310127258e+04 4.588204686069399258e+02
1.535222537922859192e+04 4.588204686069399258e+02
1.539789512825012207e+04 4.590226548664121538e+02
1.541567328572273254e+04 4.590226548664121538e+02
1.545379946208000183e+04 4.590226548664121538e+02
1.550691341972351074e+04 4.593613858405563519e+02
1.553635017085075378e+04 4.593613858405563519e+02
1.559698099255561829e+04 4.593613858405563519e+02
1.568844404268264771e+04 4.595243512198941289e+02
1.569666513609886169e+04 4.595243512198941289e+02
1.574137787151336670e+04 4.595243512198941289e+02
1.577613756203651428e+04 4.595243512198941289e+02
1.580221013617515564e+04 4.595243512198941289e+02
1.582908935523033142e+04 4.595243512198941289e+02
1.587457712054252625e+04 4.597169244938706356e+02
1.594583241462707520e+04 4.597169244938706356e+02
1.607584007620811462e+04 4.597662254049248531e+02
1.611283108115196228e+04 4.597662254049248531e+02
1.619620999789237976e+04 4.597662254049248531e+02
1.623471144223213196e+04 4.597662254049248531e+02
1.625206739282608032e+04 4.597662254049248531e+02
1.626391202688217163e+04 4.597662254049248531e+02
1.630608552956581116e+04 4.597662254049248531e+02
1.636908419179916382e+04 4.597662254049248531e+02
1.643014337301254272e+04 4.597662254049248531e+02
1.644417687773704529e+04 4.597662254049248531e+02
1.658394034790992737e+04 4.597662254049248531e+02
1.659609200263023376e+04 4.597662254049248531e+02
1.672458954334259033e+04 4.597715844111662022e+02
1.678077773380279541e+04 4.597715844111662022e+02
1.690338780832290649e+04 4.597715844111662022e+02
1.693285521626472473e+04 4.597715844111662022e+02
1.704096980309486389e+04 4.597715844111662022e+02
1.705086621022224426e+04 4.597715844111662022e+02
1.711137421083450317e+04 4.597715844111662022e+02
1.717548049855232239e+04 4.597715844111662022e+02
1.722452018094062805e+04 4.597715844111662022e+02
1.732614242362976074e+04 4.597715844111662022e+02
1.734503128814697266e+04 4.597715844111662022e+02
1.735442936086654663e+04 4.597715844111662022e+02
1.739796114659309387e+04 4.597715844111662022e+02
1.749302657580375671e+04 4.598256846106150419e+02
1.757687197971343994e+04 4.598256846106150419e+02
1.760595230078697205e+04 4.598256846106150419e+02
1.765150194454193115e+04 4.598485683420288979e+02
1.766073122286796570e+04 4.598485683420288979e+02
1.770212203502655029e+04 4.598485683420288979e+02
1.783053332304954529e+04 4.598485683420288979e+02
1.792512732648849487e+04 4.610537747002089191e+02
1.803273736858367920e+04 4.610537747002089191e+02
1.810988390564918518e+04 4.610537747002089191e+02
1.811780239224433899e+04 4.610537747002089191e+02
1.848709067082405090e+04 4.610537747002089191e+02
1.855046794128417969e+04 4.610537747002089191e+02
1.859727241039276123e+04 4.610537747002089191e+02
1.862013661360740662e+04 4.610537747002089191e+02
1.879098279190063477e+04 4.610537747002089191e+02
1.893094593286514282e+04 4.610537747002089191e+02
1.896916760516166687e+04 4.610537747002089191e+02
1.906397041821479797e+04 4.610537747002089191e+02
1.910533455514907837e+04 4.726017368755088341e+02
1.922498232293128967e+04 4.728037432959942521e+02
1.934081672000885010e+04 4.728037432959942521e+02
1.934911123871803284e+04 4.728037432959942521e+02
1.938436341047286987e+04 4.728037432959942521e+02
1.944717577004432678e+04 4.728037432959942521e+02
1.957691127419471741e+04 4.728037432959942521e+02
1.959073008799552917e+04 4.728037432959942521e+02
1.968266398501396179e+04 4.728037432959942521e+02
1.969593609094619751e+04 4.728037432959942521e+02
1.979380170416831970e+04 4.728037432959942521e+02
1.987971835637092590e+04 4.728037432959942521e+02
2.000891057991981506e+04 4.728037432959942521e+02
2.010334268879890442e+04 4.728037432959942521e+02
2.011222963380813599e+04 4.728037432959942521e+02
2.012055072355270386e+04 4.728037432959942521e+02
2.022349344229698181e+04 4.728037432959942521e+02
2.030612628865242004e+04 4.733100098939092959e+02
2.057798818159103394e+04 4.733100098939092959e+02
2.058817035722732544e+04 4.733100098939092959e+02
2.076214418101310730e+04 4.733100098939092959e+02
2.077039924430847168e+04 4.733100098939092959e+02
2.099221174073219299e+04 4.740241241238513794e+02
2.112909005618095398e+04 4.740241241238513794e+02
2.129796462607383728e+04 4.740241241238513794e+02
2.133616094899177551e+04 4.740241241238513794e+02
2.142594759535789490e+04 4.740241241238513794e+02
2.143408160066604614e+04 4.740241241238513794e+02
2.163304278326034546e+04 4.740241241238513794e+02
2.178017825818061829e+04 4.740241241238513794e+02
2.201975872135162354e+04 4.740244003022594370e+02
2.204942527055740356e+04 4.740678523153112565e+02
2.205889367103576660e+04 4.740678523153112565e+02
2.215951412034034729e+04 4.740678523153112565e+02
2.225415320372581482e+04 4.742098393357092618e+02
2.247484517240524292e+04 4.742207432842727144e+02
2.260158852982521057e+04 4.746347403875903979e+02
2.263093766713142395e+04 4.746347403875903979e+02
2.271908853745460510e+04 4.746398362432643125e+02
2.273015971326828003e+04 4.746398362432643125e+02
2.310134422659873962e+04 4.746398362432643125e+02
2.318330130982398987e+04 4.754194524637618997e+02
2.340304029917716980e+04 4.754194524637618997e+02
2.341152750945091248e+04 4.754194524637618997e+02
2.346193279576301575e+04 4.754194524637618997e+02
2.350931390833854675e+04 4.754194524637618997e+02
2.360526312899589539e+04 4.757334225493157760e+02
2.380704641461372375e+04 4.757334225493157760e+02
2.390327540922164917e+04 4.757334225493157760e+02
2.402093036866188049e+04 4.757334225493157760e+02
2.418989080524444580e+04 4.757334225493157760e+02
2.419737118673324585e+04 4.757334225493157760e+02
2.434097214841842651e+04 4.757383107113281540e+02
2.445028392744064331e+04 4.757383107113281540e+02
2.481506435799598694e+04 4.757383107113281540e+02
2.483715587425231934e+04 4.757383107113281540e+02
2.485083259224891663e+04 4.757383107113281540e+02
2.492175731563568115e+04 4.757383107113281540e+02
2.523162187147140503e+04 4.757383107113281540e+02
2.550886489319801331e+04 4.757383107113281540e+02
2.560443198609352112e+04 4.757383107113281540e+02
2.571274944925308228e+04 4.757383107113281540e+02
2.579597225642204285e+04 4.757482518267615887e+02
2.584570067644119263e+04 4.757482518267615887e+02
2.620420580482482910e+04 4.757482518267615887e+02
2.633117960977554321e+04 4.757482518267615887e+02
2.665908214116096497e+04 4.757529447554110220e+02
2.681200657176971436e+04 4.757529447554110220e+02
2.698228032398223877e+04 4.757529447554110220e+02
2.703406164741516113e+04 4.757529447554110220e+02
2.713411766409873962e+04 4.757529447554110220e+02
2.742551708388328552e+04 4.757529447554110220e+02
2.764582941675186157e+04 4.757572507574429892e+02
2.765735859751701355e+04 4.757572507574429892e+02
2.780988858532905579e+04 4.757572507574429892e+02
2.784478590321540833e+04 4.757572507574429892e+02
2.821097593855857849e+04 4.757572507574429892e+02
2.826493494272232056e+04 4.758015404767133987e+02
2.848204451918601990e+04 4.758015404767133987e+02
2.851058963632583618e+04 4.758015404767133987e+02
2.856526960659027100e+04 4.758015404767133987e+02
2.859593380594253540e+04 4.758015404767133987e+02
2.861208589863777161e+04 4.758401458708887048e+02
2.897414568138122559e+04 4.758401458708887048e+02
2.904422289252281189e+04 4.759280129129607531e+02
2.905706694746017456e+04 4.759280129129607531e+02
2.914787460374832153e+04 4.759280129129607531e+02
2.915965311527252197e+04 4.759280129129607531e+02
2.917853706669807434e+04 4.759280129129607531e+02
2.927429959058761597e+04 4.761851057899276611e+02
2.960082920861244202e+04 4.761851057899276611e+02
2.961363478803634644e+04 4.761851057899276611e+02
2.971396825385093689e+04 4.761851057899276611e+02
2.998938988137245178e+04 4.761851057899276611e+02
3.008512482213973999e+04 4.761851057899276611e+02
3.041229968380928040e+04 4.761851057899276611e+02
3.046587091970443726e+04 4.767205919874139681e+02
3.047926623034477234e+04 4.767205919874139681e+02
3.056960647583007812e+04 4.767205919874139681e+02
3.061108371210098267e+04 4.767205919874139681e+02
3.088413331627845764e+04 4.767205919874139681e+02
3.094734000468254089e+04 4.768699622524797519e+02
3.101377739644050598e+04 4.768699622524797519e+02
3.102721234893798828e+04 4.768699622524797519e+02
3.113293322587013245e+04 4.768699622524797519e+02
3.114174457287788391e+04 4.768699622524797519e+02
3.145821618032455444e+04 4.768699622524797519e+02
3.168250412178039551e+04 4.768699622524797519e+02
3.170674317312240601e+04 4.768699622524797519e+02
3.173611207723617554e+04 4.768699622524797519e+02
3.182734619736671448e+04 4.768699622524797519e+02
3.186840986967086792e+04 4.768731860489415908e+02
3.223003793597221375e+04 4.768731860489415908e+02
3.254033019280433655e+04 4.768731860489415908e+02
3.277943203759193420e+04 4.768731860489415908e+02
3.281200935626029968e+04 4.768731860489415908e+02
3.287062982296943665e+04 4.768731860489415908e+02
3.289436278438568115e+04 4.768731860489415908e+02
3.332171517419815063e+04 4.768731860489415908e+02
3.345173390388488770e+04 4.768731860489415908e+02
3.347494624900817871e+04 4.768731860489415908e+02
3.356725931239128113e+04 4.768731860489415908e+02
3.363052280426025391e+04 4.768731860489415908e+02
3.363767367029190063e+04 4.768731860489415908e+02
3.377947137522697449e+04 4.768731860489415908e+02
3.384028074717521667e+04 4.768731860489415908e+02
3.413156942081451416e+04 4.768731860489415908e+02
3.416420816946029663e+04 4.768731860489415908e+02
3.421599350881576538e+04 4.768731860489415908e+02
3.422977882957458496e+04 4.768731860489415908e+02
3.429987737464904785e+04 4.768731860489415908e+02
3.462483339405059814e+04 4.768731860489415908e+02
3.469523051810264587e+04 4.768731860489415908e+02
3.472429864716529846e+04 4.768731860489415908e+02
3.477445106077194214e+04 4.768731860489415908e+02
3.478567862749099731e+04 4.768731860489415908e+02
3.514652518987655640e+04 4.768731860489415908e+02
3.516985691094398499e+04 4.768731860489415908e+02
3.553038894867897034e+04 4.768731860489415908e+02
3.554292698431015015e+04 4.768731860489415908e+02
3.573535656237602234e+04 4.768731860489415908e+02
3.574864413332939148e+04 4.768731860489415908e+02
3.581143798255920410e+04 4.770680455788025256e+02
3.590012034440040588e+04 4.770680455788025256e+02
3.592357211232185364e+04 4.770680455788025256e+02
3.595318757605552673e+04 4.770680455788025256e+02
3.601747956681251526e+04 4.770680455788025256e+02
3.602533631443977356e+04 4.770680455788025256e+02
3.656359498596191406e+04 4.770680455788025256e+02
3.678210025835037231e+04 4.770680455788025256e+02
3.705633683514595032e+04 4.770680455788025256e+02
3.716407652902603149e+04 4.770680455788025256e+02
3.717202743101119995e+04 4.770680455788025256e+02
3.722592109346389771e+04 4.770680455788025256e+02
3.731613587522506714e+04 4.770680455788025256e+02
3.779517701721191406e+04 4.770680455788025256e+02
3.782154325604438782e+04 4.770680455788025256e+02
3.784768103027343750e+04 4.770680455788025256e+02
3.793769265055656433e+04 4.770680455788025256e+02
3.805279756021499634e+04 4.770680455788025256e+02
3.838064495372772217e+04 4.770680455788025256e+02
3.843509287309646606e+04 4.770680455788025256e+02
3.846580057358741760e+04 4.770680455788025256e+02
3.853944177818298340e+04 4.770680455788025256e+02
3.858000551295280457e+04 4.770680455788025256e+02
3.868057353210449219e+04 4.770680455788025256e+02
3.875811142897605896e+04 4.770680455788025256e+02
3.901508942174911499e+04 4.770680455788025256e+02
3.907695233058929443e+04 4.770680455788025256e+02
3.919184683609008789e+04 4.770680455788025256e+02
3.932879767060279846e+04 4.770680455788025256e+02
3.936937021112442017e+04 4.770680455788025256e+02
3.973095590806007385e+04 4.770680455788025256e+02
3.980055476546287537e+04 4.770680455788025256e+02
4.007751414108276367e+04 4.770680455788025256e+02
4.010705909514427185e+04 4.770680455788025256e+02
4.012558992004394531e+04 4.770680455788025256e+02
4.014148786425590515e+04 4.770680455788025256e+02
4.021961402869224548e+04 4.770680455788025256e+02
4.058067783689498901e+04 4.770680455788025256e+02
4.067392104864120483e+04 4.770680455788025256e+02
4.068365802359580994e+04 4.770680455788025256e+02
4.085296563220024109e+04 4.770680455788025256e+02
4.094459815692901611e+04 4.770680455788025256e+02
4.118256628584861755e+04 4.770680455788025256e+02
4.127133276939392090e+04 4.770680455788025256e+02
4.131024988842010498e+04 4.770680455788025256e+02
4.133939016270637512e+04 4.770680455788025256e+02
4.138453181123733521e+04 4.770680455788025256e+02
4.141989368033409119e+04 4.770680455788025256e+02
4.147314901733398438e+04 4.770680455788025256e+02
4.183654055786132812e+04 4.770680455788025256e+02
4.191801561355590820e+04 4.770680455788025256e+02
4.195671800446510315e+04 4.770680455788025256e+02
4.204741225314140320e+04 4.771259483502753938e+02
4.205506953263282776e+04 4.771259483502753938e+02
4.252984857177734375e+04 4.771259483502753938e+02
4.260780165815353394e+04 4.771259483502753938e+02
4.297183685040473938e+04 4.771259483502753938e+02
4.301070494270324707e+04 4.771261115824908075e+02
4.306536414074897766e+04 4.771261115824908075e+02
4.307711253738403320e+04 4.771261115824908075e+02
4.316761846113204956e+04 4.774157348963149161e+02
4.320074732351303101e+04 4.774157348963149161e+02
4.334987799692153931e+04 4.774157348963149161e+02
4.337644166064262390e+04 4.774157348963149161e+02
4.339484929728507996e+04 4.774157348963149161e+02
4.341650605416297913e+04 4.774157348963149161e+02
4.344095736122131348e+04 4.774157348963149161e+02
4.387538218808174133e+04 4.774157348963149161e+02
4.423241644358634949e+04 4.774157348963149161e+02
4.426645485663414001e+04 4.774157348963149161e+02
4.434074697160720825e+04 4.774157348963149161e+02
4.434833009934425354e+04 4.774157348963149161e+02
4.439556630682945251e+04 4.774184802771941349e+02
4.448335563349723816e+04 4.774184802771941349e+02
4.455386745262145996e+04 4.774184802771941349e+02
4.458179962944984436e+04 4.774184802771941349e+02
4.458943663907051086e+04 4.774184802771941349e+02
4.466013654351234436e+04 4.774184802771941349e+02
4.490408322930335999e+04 4.774184802771941349e+02
4.496653517699241638e+04 4.774184802771941349e+02
4.516368154072761536e+04 4.774184802771941349e+02
4.519201355004310608e+04 4.774184802771941349e+02
4.528304544997215271e+04 4.774184802771941349e+02
4.529459642219543457e+04 4.774184802771941349e+02
4.542289602589607239e+04 4.774184802771941349e+02
4.574910430598258972e+04 4.774428992441443143e+02
4.618605283546447754e+04 4.774428992441443143e+02
4.629280628442764282e+04 4.774428992441443143e+02
4.639806489896774292e+04 4.774428992441443143e+02
4.643310818052291870e+04 4.774428992441443143e+02
4.676649786400794983e+04 4.774861488379933689e+02
4.683750968480110168e+04 4.776431349532122681e+02
4.709420412778854370e+04 4.776431349532122681e+02
4.710695571041107178e+04 4.776431349532122681e+02
4.712398370409011841e+04 4.776431349532122681e+02
4.713699045705795288e+04 4.776431349532122681e+02
4.720569275641441345e+04 4.776431349532122681e+02
4.723589441013336182e+04 4.776431349532122681e+02
4.731714019012451172e+04 4.776431349532122681e+02
4.743232773447036743e+04 4.776431349532122681e+02
4.755116750121116638e+04 4.776431349532122681e+02
4.755817533469200134e+04 4.776431349532122681e+02
4.792663441371917725e+04 4.776431349532122681e+02
4.800918016147613525e+04 4.776431349532122681e+02
4.809537827157974243e+04 4.776431349532122681e+02
4.812494718098640442e+04 4.776431349532122681e+02
4.829371582269668579e+04 4.776431349532122681e+02
4.833552929306030273e+04 4.776431349532122681e+02
4.840557318735122681e+04 4.776431349532122681e+02
4.866196247911453247e+04 4.777659001980024982e+02
4.868576563096046448e+04 4.840234134729618631e+02
4.880218750667572021e+04 4.840234134729618631e+02
4.882092440891265869e+04 4.840234134729618631e+02
4.882814578747749329e+04 4.840234134729618631e+02
4.896917186927795410e+04 4.840234134729618631e+02
4.899646426582336426e+04 4.840392440143773456e+02
4.939828162741661072e+04 4.840392440143773456e+02
4.941252845335006714e+04 4.840392440143773456e+02
4.949394387555122375e+04 4.840399489103142514e+02
4.950286384224891663e+04 4.840399489103142514e+02
4.955412094545364380e+04 4.840399489103142514e+02
4.988730801153182983e+04 4.840399489103142514e+02
4.995562503838539124e+04 4.840399489103142514e+02
5.004583799624443054e+04 4.840399489103142514e+02
5.005869675254821777e+04 4.840399489103142514e+02
5.006875503897666931e+04 4.840399489103142514e+02
5.039112290668487549e+04 4.840399489103142514e+02
5.046500107145309448e+04 4.840399489103142514e+02
5.053325539946556091e+04 4.840399489103142514e+02
5.054388849663734436e+04 4.840399489103142514e+02
5.056159774661064148e+04 4.840399489103142514e+02
5.067011204218864441e+04 4.840399489103142514e+02
5.069857656073570251e+04 4.840399489103142514e+02
5.100379004788398743e+04 4.840399489103142514e+02
5.122836764478683472e+04 4.840399489103142514e+02
5.125965917801856995e+04 4.840399489103142514e+02
5.128750626993179321e+04 4.840399489103142514e+02
5.133236372113227844e+04 4.840399489103142514e+02
5.136347434258460999e+04 4.840399489103142514e+02
5.138477923774719238e+04 4.840418419210358252e+02
5.148325214219093323e+04 4.840418419210358252e+02
5.149627354860305786e+04 4.840418419210358252e+02
5.156106636595726013e+04 4.840418419210358252e+02
5.156940979576110840e+04 4.840418419210358252e+02
5.187495829176902771e+04 4.840423643153920921e+02
5.190669006657600403e+04 4.840423643153920921e+02
5.216368815469741821e+04 4.840423643153920921e+02
5.220148779082298279e+04 4.840423643153920921e+02
5.228346281838417053e+04 4.840423643153920921e+02
5.229211270332336426e+04 4.840423643153920921e+02
5.249534831309318542e+04 4.840423643153920921e+02
5.572259150481224060e+04 4.840423643153920921e+02
5.582143626713752747e+04 4.840423643153920921e+02
5.583443172836303711e+04 4.840423643153920921e+02
5.592459164142608643e+04 4.840423643153920921e+02
5.593561680197715759e+04 4.840423643153920921e+02
5.603548307991027832e+04 4.840423643153920921e+02
5.633861317968368530e+04 4.840423643153920921e+02
5.656206047725677490e+04 4.840423643153920921e+02
5.659224017834663391e+04 4.840423643153920921e+02
5.667621058177947998e+04 4.840423643153920921e+02
5.668398874688148499e+04 4.840423643153920921e+02
5.685653410458564758e+04 4.840423643153920921e+02
5.688537300252914429e+04 4.840423643153920921e+02
5.714015392684936523e+04 4.840423643153920921e+02
5.725803413796424866e+04 4.840423643153920921e+02
5.727210553359985352e+04 4.840423643153920921e+02
5.757271107101440430e+04 4.840423643153920921e+02
5.760652390074729919e+04 4.840423643153920921e+02
5.770580117177963257e+04 4.840423643153920921e+02
5.773245854330062866e+04 4.880648584102862060e+02
5.776775800299644470e+04 4.880648584102862060e+02
5.778634685611724854e+04 4.880648584102862060e+02
5.779811801671981812e+04 4.880648584102862060e+02
5.813002057075500488e+04 4.880648584102862060e+02
5.815723138689994812e+04 4.880648584102862060e+02
5.849292896032333374e+04 4.880648584102862060e+02
5.852213905286788940e+04 4.880648584102862060e+02
5.860488329529762268e+04 4.880648584102862060e+02
5.861510548710823059e+04 4.880648584102862060e+02
5.865010133290290833e+04 4.880648584102862060e+02
5.898362951993942261e+04 4.880648584102862060e+02
5.900631162738800049e+04 4.880648584102862060e+02
5.905102162623405457e+04 4.880648584102862060e+02
5.906858281207084656e+04 4.880648584102862060e+02
5.908062229561805725e+04 4.880648584102862060e+02
5.911874633860588074e+04 4.880648584102862060e+02
5.924001653289794922e+04 4.880648584102862060e+02
5.957216869783401489e+04 4.880779965767414978e+02
5.960513308691978455e+04 4.880779965767414978e+02
5.969608309531211853e+04 4.880779965767414978e+02
5.970642364001274109e+04 4.880779965767414978e+02
6.006073451566696167e+04 4.880779965767414978e+02
6.028254285788536072e+04 4.880779965767414978e+02
6.033856971597671509e+04 4.880779965767414978e+02
6.037679018092155457e+04 4.880779965767414978e+02
6.046800091648101807e+04 4.880779965767414978e+02
6.055149856519699097e+04 4.880779965767414978e+02
6.077205073404312134e+04 4.880779965767414978e+02
6.079572391295433044e+04 4.880779965767414978e+02
6.188348221898078918e+04 4.880779965767414978e+02
6.197816637444496155e+04 4.880779965767414978e+02
6.206279679679870605e+04 4.880779965767414978e+02
6.207342545843124390e+04 4.880779965767414978e+02
6.210471180939674377e+04 4.881558010702319734e+02
6.243941412186622620e+04 4.881558010702319734e+02
6.268151377439498901e+04 4.881558010702319734e+02
6.273126058340072632e+04 4.881558010702319734e+02
6.282155304527282715e+04 4.881558010702319734e+02
6.284728985023498535e+04 4.881558010702319734e+02
6.318232139730453491e+04 4.881558010702319734e+02
6.321382524204254150e+04 4.881558010702319734e+02
6.343559901142120361e+04 4.881558010702319734e+02
6.346145098328590393e+04 4.881558010702319734e+02
6.355135899114608765e+04 4.881580537805602376e+02
6.363880755901336670e+04 4.882304874453359957e+02
6.372140494060516357e+04 4.882304874453359957e+02
6.382052196574211121e+04 4.882304874453359957e+02
6.392159707832336426e+04 4.882304874453359957e+02
6.394174015140533447e+04 4.882304874453359957e+02
6.403244856905937195e+04 4.882304874453359957e+02
6.405254721641540527e+04 4.882304874453359957e+02
6.438520636057853699e+04 4.882517350897245478e+02
6.441248325514793396e+04 4.882517350897245478e+02
6.471878381562232971e+04 4.882517350897245478e+02
6.472983007693290710e+04 4.882517350897245478e+02
6.481999020791053772e+04 4.882517350897245478e+02
6.483253810596466064e+04 4.882517350897245478e+02
6.543424002695083618e+04 4.882517350897245478e+02
6.576799881672859192e+04 4.882517350897245478e+02
6.595362049531936646e+04 4.882517350897245478e+02
6.606615839505195618e+04 4.882517350897245478e+02
6.614746245765686035e+04 4.882517350897245478e+02
6.615780250501632690e+04 4.882517350897245478e+02
6.654426596951484680e+04 4.882517350897245478e+02
6.661261674928665161e+04 4.882759518937758685e+02
6.694612201857566833e+04 4.882863908096450132e+02
6.703048426079750061e+04 4.882863908096450132e+02
6.703813291716575623e+04 4.882863908096450132e+02
6.704922521209716797e+04 4.882863908096450132e+02
6.708768538308143616e+04 4.882863908096450132e+02
6.742361211800575256e+04 4.883353871467563749e+02
6.751650333094596863e+04 4.883353871467563749e+02
6.754404083633422852e+04 4.883353871467563749e+02
6.763488090777397156e+04 4.883353871467563749e+02
6.766603146982192993e+04 4.883353871467563749e+02
6.793578061819076538e+04 4.883353871467563749e+02
6.823709192132949829e+04 4.883373899838844636e+02
6.857149454832077026e+04 4.883373899838844636e+02
6.869702316164970398e+04 4.883373899838844636e+02
6.878947755837440491e+04 4.883373899838844636e+02
6.880183632946014404e+04 4.883373899838844636e+02
6.897427705097198486e+04 4.883373899838844636e+02
6.919540553474426270e+04 4.883373899838844636e+02
6.922537987327575684e+04 4.883373899838844636e+02
6.926769789195060730e+04 4.883373899838844636e+02
6.931409598135948181e+04 4.883373899838844636e+02
6.935692514991760254e+04 4.883373899838844636e+02
6.969202667880058289e+04 4.883373899838844636e+02
6.974325335836410522e+04 4.883373899838844636e+02
7.007833473658561707e+04 4.883373899838844636e+02
7.010771246600151062e+04 4.883373899838844636e+02
7.019883987021446228e+04 4.883373899838844636e+02
7.028407229614257812e+04 4.883373899838844636e+02
7.031640086770057678e+04 4.883373899838844636e+02
7.062067976021766663e+04 4.883373899838844636e+02
7.064399506878852844e+04 4.883373899838844636e+02
7.065250960350036621e+04 4.883373899838844636e+02
7.077769816875457764e+04 4.883373899838844636e+02
7.082012563943862915e+04 4.883373899838844636e+02
7.096577287077903748e+04 4.883373899838844636e+02
7.118864468646049500e+04 4.883373899838844636e+02
7.144198333835601807e+04 4.883373899838844636e+02
7.146478163123130798e+04 4.883373899838844636e+02
7.148922462368011475e+04 4.883373899838844636e+02
7.157346006393432617e+04 4.883373899838844636e+02
7.160059583592414856e+04 4.883373899838844636e+02
7.185506796026229858e+04 4.883381855952235924e+02
7.187815182566642761e+04 4.884006549490351290e+02
7.188768987011909485e+04 4.884006549490351290e+02
7.197854611325263977e+04 4.884006549490351290e+02
7.198719390892982483e+04 4.884006549490351290e+02
7.232002231001853943e+04 4.884006549490351290e+02
7.234822495961189270e+04 4.884006549490351290e+02
7.268108013963699341e+04 4.884055384313878108e+02
7.270080382919311523e+04 4.884055384313878108e+02
7.279080129694938660e+04 4.884055384313878108e+02
7.282802787423133850e+04 4.884055384313878108e+02
7.285862847137451172e+04 4.884055384313878108e+02
7.311508984494209290e+04 4.884055384313878108e+02
7.329716019845008850e+04 4.884055384313878108e+02
7.332642851305007935e+04 4.884055384313878108e+02
7.341758264589309692e+04 4.884055384313878108e+02
7.345495156478881836e+04 4.884055384313878108e+02
7.357496482610702515e+04 4.884055384313878108e+02
7.360889889669418335e+04 4.884055384313878108e+02
7.468405107736587524e+04 4.884055384313878108e+02
7.470821882200241089e+04 4.884055384313878108e+02
7.481603893756866455e+04 4.884131156792489037e+02
7.485226612687110901e+04 4.884131156792489037e+02
7.504941429877281189e+04 4.884131156792489037e+02
7.534982490038871765e+04 4.884131156792489037e+02
7.544119951510429382e+04 4.884131156792489037e+02
7.547417208480834961e+04 4.884131156792489037e+02
7.555665056538581848e+04 4.884131156792489037e+02
7.558755742311477661e+04 4.884146150672420390e+02
7.592299408793449402e+04 4.884146150672420390e+02
7.613918733334541321e+04 4.884146150672420390e+02
7.647194348907470703e+04 4.884146150672420390e+02
7.650215433287620544e+04 4.884146150672420390e+02
7.661908307361602783e+04 4.884146150672420390e+02
7.668223663949966431e+04 4.884146150672420390e+02
7.670813620543479919e+04 4.884146150672420390e+02
7.704311242008209229e+04 4.884146150672420390e+02
7.735134885096549988e+04 4.884146150672420390e+02
7.741979436516761780e+04 4.884146150672420390e+02
7.750050812888145447e+04 4.884146150672420390e+02
7.752794385266304016e+04 4.884146150672420390e+02
7.785984064340591431e+04 4.884146150672420390e+02
7.795570137143135071e+04 4.884146150672420390e+02
7.828816784930229187e+04 4.884146150672420390e+02
7.831086525964736938e+04 4.884146150672420390e+02
7.840128825163841248e+04 4.884146150672420390e+02
7.845246413946151733e+04 4.884146150672420390e+02
7.852186302685737610e+04 4.884146150672420390e+02
7.885431221532821655e+04 4.884146150672420390e+02
7.891621243357658386e+04 4.884146150672420390e+02
7.895295349073410034e+04 4.884146150672420390e+02
7.902146440696716309e+04 4.884146150672420390e+02
7.905183205032348633e+04 4.884146150672420390e+02
7.926409990644454956e+04 4.884146150672420390e+02
