5.886561221801466459e+00 -9.230000000000001137e+01
4.521765525877083469e+00 -9.070000000000000284e+01
4.809209444537505540e+00 -9.092499999999999716e+01
3.432648660013106756e+00 -8.585833333333333428e+01
5.223563429182390472e+00 -9.220000000000000284e+01
5.002559125598757817e+00 -9.154166666666667140e+01
3.466274321789291957e+00 -8.718333333333333712e+01
4.088136088700551340e+00 -9.039166666666666572e+01
3.174931593528442342e+00 -8.401666666666666572e+01
4.085361943686129038e+00 -8.924166666666666003e+01
2.923244018630276386e+00 -8.090833333333333144e+01
2.824776462475545813e+00 -7.721666666666666856e+01
2.851258348719075464e+00 -7.929166666666667140e+01
3.190331698170291386e+00 -8.548333333333333428e+01
5.008570366215898240e+00 -9.217499999999999716e+01
3.913707913980482900e+00 -8.898333333333333428e+01
4.072690955012868486e+00 -8.920000000000000284e+01
4.589234492415504185e+00 -9.085833333333333428e+01
4.227861005955013241e+00 -9.064999999999999147e+01
3.034628456625320325e+00 -8.178333333333333144e+01
2.818225893613955702e+00 -7.443333333333332291e+01
5.006153580146637694e+00 -9.183333333333332860e+01
2.591064607026499100e+00 -7.202499999999999147e+01
4.057019124322765791e+00 -8.901666666666666572e+01
2.519827993775718866e+00 -5.646666666666666856e+01
4.951701707062041713e+00 -9.118333333333333712e+01
