3.103119253545713718e+00 -8.057500000000000284e+01
3.071882007306125484e+00 -7.954166666666667140e+01
3.145196406114181720e+00 -8.084999999999999432e+01
5.708795540585156481e+00 -9.195833333333332860e+01
3.287801729930226013e+00 -8.512500000000000000e+01
5.886561221801466459e+00 -9.230000000000001137e+01
4.265808017686357090e+00 -8.987500000000000000e+01
4.408155133886264565e+00 -9.034166666666666856e+01
4.521765525877083469e+00 -9.070000000000000284e+01
4.809209444537505540e+00 -9.092499999999999716e+01
4.168762575622356970e+00 -8.894166666666666288e+01
3.432648660013106756e+00 -8.585833333333333428e+01
3.853454841368066486e+00 -8.589166666666666572e+01
2.864511081058391806e+00 -7.050833333333332575e+01
5.209718709856259622e+00 -9.189166666666666572e+01
