5.886561221801466459e+00 -9.230000000000001137e+01
4.521765525877083469e+00 -9.070000000000000284e+01
3.432648660013106756e+00 -8.585833333333333428e+01
5.223563429182390472e+00 -9.220000000000000284e+01
5.002559125598757817e+00 -9.154166666666667140e+01
3.466274321789291957e+00 -8.718333333333333712e+01
4.088136088700551340e+00 -9.039166666666666572e+01
3.174931593528442342e+00 -8.401666666666666572e+01
4.085361943686129038e+00 -8.924166666666666003e+01
2.923244018630276386e+00 -8.090833333333333144e+01
2.824776462475545813e+00 -7.721666666666666856e+01
2.851258348719075464e+00 -7.929166666666667140e+01
3.190331698170291386e+00 -8.548333333333333428e+01
5.008570366215898240e+00 -9.217499999999999716e+01
3.913707913980482900e+00 -8.898333333333333428e+01
4.072690955012868486e+00 -8.920000000000000284e+01
3.034628456625320325e+00 -8.178333333333333144e+01
2.818225893613955702e+00 -7.443333333333332291e+01
5.006153580146637694e+00 -9.183333333333332860e+01
4.057019124322765791e+00 -8.901666666666666572e+01
2.519827993775718866e+00 -5.646666666666666856e+01
3.868820706197517278e+00 -8.891666666666667140e+01
4.678591210581774185e+00 -9.115833333333333144e+01
4.804384804157511013e+00 -9.128333333333333144e+01
3.071145290451082754e+00 -8.201666666666666572e+01
4.569315375416978853e+00 -9.092499999999999716e+01
3.830139387425342878e+00 -8.844999999999998863e+01
4.220108088040054994e+00 -9.064999999999999147e+01
3.151063253353750149e+00 -8.204999999999999716e+01
2.591064607026499100e+00 -7.229999999999999716e+01
3.825296264430960047e+00 -8.819166666666666288e+01
4.901529154117123532e+00 -9.135833333333333428e+01
