3.103119253545713718e+00 -8.057500000000000284e+01
3.145196406114181720e+00 -8.084999999999999432e+01
3.287801729930226013e+00 -8.512500000000000000e+01
5.886561221801466459e+00 -9.230000000000001137e+01
4.521765525877083469e+00 -9.070000000000000284e+01
4.809209444537505540e+00 -9.092499999999999716e+01
3.432648660013106756e+00 -8.585833333333333428e+01
5.039667879242899495e+00 -9.188333333333332575e+01
5.223563429182390472e+00 -9.220000000000000284e+01
4.368286884902130573e+00 -9.054166666666667140e+01
4.728824350916869257e+00 -9.076666666666666572e+01
5.002559125598757817e+00 -9.154166666666667140e+01
2.649334858712141916e+00 -5.524166666666666714e+01
4.032578471924312069e+00 -8.754999999999999716e+01
2.835056101720116128e+00 -7.115000000000000568e+01
3.466274321789291957e+00 -8.718333333333333712e+01
5.200070365033233166e+00 -9.190000000000000568e+01
3.246744709723841549e+00 -8.190833333333333144e+01
2.923244018630276386e+00 -7.956666666666666288e+01
4.351293718309777070e+00 -9.051666666666666572e+01
4.088136088700551340e+00 -9.039166666666666572e+01
5.014188600873136004e+00 -9.174166666666666003e+01
2.688419822002710458e+00 -6.055833333333333712e+01
