5.886561221801466459e+00 -9.230000000000001137e+01
4.521765525877083469e+00 -9.070000000000000284e+01
4.809209444537505540e+00 -9.092499999999999716e+01
3.432648660013106756e+00 -8.585833333333333428e+01
5.223563429182390472e+00 -9.220000000000000284e+01
5.002559125598757817e+00 -9.154166666666667140e+01
2.649334858712141916e+00 -5.524166666666666714e+01
3.466274321789291957e+00 -8.718333333333333712e+01
4.088136088700551340e+00 -9.039166666666666572e+01
2.688419822002710458e+00 -6.055833333333333712e+01
3.174931593528442342e+00 -8.401666666666666572e+01
4.085361943686129038e+00 -8.924166666666666003e+01
2.923244018630276386e+00 -8.090833333333333144e+01
2.824776462475545813e+00 -7.721666666666666856e+01
2.851258348719075464e+00 -7.929166666666667140e+01
3.190331698170291386e+00 -8.548333333333333428e+01
5.008570366215898240e+00 -9.217499999999999716e+01
3.913707913980482900e+00 -8.898333333333333428e+01
4.072690955012868486e+00 -8.920000000000000284e+01
4.589234492415504185e+00 -9.085833333333333428e+01
4.227861005955013241e+00 -9.064999999999999147e+01
2.809559714635267547e+00 -7.087500000000000000e+01
