7.986701750755310059e+01 2.677384679939887846e+01
1.492605035305023193e+02 2.699571870456017209e+01
1.766610517501831055e+02 2.700768988011289196e+01
3.935381982326507568e+02 2.700768988011289196e+01
4.322586259841918945e+02 3.016807745778312011e+01
6.489782731533050537e+02 3.016807745778312011e+01
7.599568295478820801e+02 3.033495713553923778e+01
9.071195635795593262e+02 3.074999185040765326e+01
9.223874340057373047e+02 3.074999185040765326e+01
9.504137132167816162e+02 3.074999185040765326e+01
1.763498303174972534e+03 3.074999185040765326e+01
1.832580028057098389e+03 3.189721155661649377e+01
1.989372958898544312e+03 3.189721155661649377e+01
2.136478797197341919e+03 3.189721155661649377e+01
2.156131832838058472e+03 1.328165478265177342e+02
3.865650724649429321e+03 1.328165478265177342e+02
3.905216049909591675e+03 1.328165478265177342e+02
4.480886055946350098e+03 1.328165478265177342e+02
4.554705101728439331e+03 2.403068462469081510e+02
4.682866283893585205e+03 2.403068462469081510e+02
4.700559133052825928e+03 2.543164343178744957e+02
4.751452635526657104e+03 2.545626499753223584e+02
6.455689322233200073e+03 2.545626499753223584e+02
6.507589903354644775e+03 2.545626499753223584e+02
6.585124435186386108e+03 2.545626499753223584e+02
7.615850854635238647e+03 2.545626499753223584e+02
7.621633867025375366e+03 2.580915363363790789e+02
7.662606877326965332e+03 2.642816717907368798e+02
7.864203086137771606e+03 2.642816717907368798e+02
7.887840665102005005e+03 2.642822883574917796e+02
8.255872225046157837e+03 2.642822883574917796e+02
8.417704162597656250e+03 2.642822883574917796e+02
9.592234021186828613e+03 2.642822883574917796e+02
9.723583091497421265e+03 2.642822883574917796e+02
1.206115558409690857e+04 2.827417041893119745e+02
1.226128129434585571e+04 2.827551981917169428e+02
1.233828066754341125e+04 2.827551981917169428e+02
1.235897700119018555e+04 2.827551981917169428e+02
1.236551118087768555e+04 2.840989113338379752e+02
1.419129979276657104e+04 2.840989113338379752e+02
1.446992775082588196e+04 2.936815694622519004e+02
1.635731730151176453e+04 2.936815694622519004e+02
1.636876655244827271e+04 2.936815694622519004e+02
1.638692109155654907e+04 2.936815694622519004e+02
1.639266312551498413e+04 2.936815694622519004e+02
1.649099845314025879e+04 2.936815694622519004e+02
1.882581390738487244e+04 2.936815694622519004e+02
1.946373535633087158e+04 2.936815694622519004e+02
1.948593694186210632e+04 2.936815694622519004e+02
1.950723248767852783e+04 2.936815694622519004e+02
1.953712823820114136e+04 2.946263833116763635e+02
1.964311011886596680e+04 2.946263833116763635e+02
1.987719937300682068e+04 2.946263833116763635e+02
1.990377605724334717e+04 3.052497266847797164e+02
1.991243654656410217e+04 3.052497266847797164e+02
1.992891789102554321e+04 3.338062315540342411e+02
1.993589873743057251e+04 3.347022201754800221e+02
2.015484923791885376e+04 3.347022201754800221e+02
2.086484131455421448e+04 3.347863443313503922e+02
2.150379431962966919e+04 3.347863443313503922e+02
2.151412398552894592e+04 3.347863443313503922e+02
2.153383030319213867e+04 3.347863443313503922e+02
2.156596361207962036e+04 3.369614725934122248e+02
2.158224645185470581e+04 3.372892935251933295e+02
2.186192584824562073e+04 3.374409588700144695e+02
2.188646728634834290e+04 3.380775939807660961e+02
2.189411143374443054e+04 3.380852729837450283e+02
2.190857315015792847e+04 3.380852729837450283e+02
2.193256766843795776e+04 3.381661350291271333e+02
2.221102047944068909e+04 3.382744413426398182e+02
2.223767039394378662e+04 3.382744413426398182e+02
2.226329418516159058e+04 3.382744413426398182e+02
2.227200948786735535e+04 3.382744413426398182e+02
2.229911943340301514e+04 3.382744413426398182e+02
2.233489249467849731e+04 3.382959360156932007e+02
2.239146843051910400e+04 3.383270598400820859e+02
2.267036916065216064e+04 3.383270598400820859e+02
2.269070268154144287e+04 3.383270598400820859e+02
2.269792806053161621e+04 3.383270598400820859e+02
2.274109120583534241e+04 3.383270598400820859e+02
2.277631868791580200e+04 3.383285988395709296e+02
2.304212776279449463e+04 3.383318363225466214e+02
2.399678258657455444e+04 3.383318363225466214e+02
2.405677219057083130e+04 3.383318363225466214e+02
2.406300552892684937e+04 3.383318363225466214e+02
2.407503061938285828e+04 3.384810597527228992e+02
2.409677954459190369e+04 3.384810597527228992e+02
2.489818428325653076e+04 3.393389601709101839e+02
2.544639682912826538e+04 3.393389601709101839e+02
2.651301107835769653e+04 3.393389601709101839e+02
2.652538700008392334e+04 3.393389601709101839e+02
2.654466165280342102e+04 3.393389601709101839e+02
2.655216892242431641e+04 3.393389601709101839e+02
2.658486756062507629e+04 3.393389601709101839e+02
2.738426146054267883e+04 3.462221889127513919e+02
2.766472965526580811e+04 3.467948411369422388e+02
2.767132984757423401e+04 3.467948411369422388e+02
2.770322358775138855e+04 3.470581848218325831e+02
2.772319572472572327e+04 3.470581848218325831e+02
2.782265745091438293e+04 3.470581848218325831e+02
2.971086458182334900e+04 3.471764505731450754e+02
3.076847716760635376e+04 3.549385118224793132e+02
3.077543696141242981e+04 3.549385118224793132e+02
3.081426085376739502e+04 3.549385118224793132e+02
3.083668895173072815e+04 3.549385118224793132e+02
3.098010742974281311e+04 3.549385118224793132e+02
3.239318196415901184e+04 3.550318638365143897e+02
3.427983294057846069e+04 3.550318638365143897e+02
3.431921576189994812e+04 3.550318638365143897e+02
3.432615693950653076e+04 3.550318638365143897e+02
3.436574277591705322e+04 3.550318638365143897e+02
3.439163144135475159e+04 3.554684650336496361e+02
3.628091768145561218e+04 3.554684650336496361e+02
3.769664412689208984e+04 3.554965186073928862e+02
3.770283857107162476e+04 3.554965186073928862e+02
3.770909531331062317e+04 3.554965186073928862e+02
3.773115361833572388e+04 3.554965186073928862e+02
3.961945752239227295e+04 3.554965186073928862e+02
4.173687629365921021e+04 3.555602016559232084e+02
4.407425762534141541e+04 3.555764820140802271e+02
4.410868351793289185e+04 3.555764820140802271e+02
4.412544790482521057e+04 3.555764820140802271e+02
4.413479298019409180e+04 3.555764820140802271e+02
4.425588136792182922e+04 3.555764820140802271e+02
4.659404178905487061e+04 3.555764820140802271e+02
4.893488199925422668e+04 3.556060826652748688e+02
4.894607013678550720e+04 3.556060826652748688e+02
4.896291176247596741e+04 3.556104523810192291e+02
4.898753742051124573e+04 3.556104523810192291e+02
4.910001182937622070e+04 3.556104523810192291e+02
5.066175051116943359e+04 3.556153212972806728e+02
5.300582404017448425e+04 3.556153212972806728e+02
5.301236994647979736e+04 3.556153212972806728e+02
5.302052376842498779e+04 3.556153212972806728e+02
5.302758963561058044e+04 3.556153212972806728e+02
5.394195493721961975e+04 3.556153212972806728e+02
5.628415418744087219e+04 3.556153212972806728e+02
5.733403656697273254e+04 3.556153212972806728e+02
5.734337422490119934e+04 3.556153212972806728e+02
5.736625479245185852e+04 3.556153212972806728e+02
5.737269352889060974e+04 3.556153212972806728e+02
5.746281232452392578e+04 3.556153212972806728e+02
5.851967397618293762e+04 3.556153212972806728e+02
6.085400486564636230e+04 3.556154825366514274e+02
6.086349299478530884e+04 3.556154825366514274e+02
6.087687171769142151e+04 3.556154825366514274e+02
6.089664072918891907e+04 3.556154825366514274e+02
6.195351766586303711e+04 3.556154825366514274e+02
6.428748352479934692e+04 3.556154825366514274e+02
6.586620063281059265e+04 3.556154825366514274e+02
6.587290283536911011e+04 3.556154825366514274e+02
6.588802789378166199e+04 3.556154825366514274e+02
6.591413555502891541e+04 3.556154825366514274e+02
6.824410527968406677e+04 3.556154825366514274e+02
7.057959369230270386e+04 3.556165864568314419e+02
7.268823382854461670e+04 3.556165864568314419e+02
7.271352389645576477e+04 3.556165864568314419e+02
7.272894831204414368e+04 3.556165864568314419e+02
7.274838280582427979e+04 3.556165864568314419e+02
7.282783278989791870e+04 3.557410124931606674e+02
7.512362651896476746e+04 3.558382242953780974e+02
7.520412785911560059e+04 3.558382242953780974e+02
7.521391352939605713e+04 3.558382242953780974e+02
7.523047824788093567e+04 3.558382242953780974e+02
7.525589672207832336e+04 3.558382242953780974e+02
7.734249475455284119e+04 3.562610794254273401e+02
7.742348545932769775e+04 3.562610794254273401e+02
7.745716851949691772e+04 3.562610794254273401e+02
7.746628033757209778e+04 3.562610794254273401e+02
7.747698945832252502e+04 3.562610794254273401e+02
7.749958635401725769e+04 3.562610794254273401e+02
7.758000518345832825e+04 3.562895437392428448e+02
