1.078712105751037598e+01 1.506455170178668546e+01
2.988193917274475098e+01 3.317936413116148486e+01
3.079041790962219238e+01 3.317936413116148486e+01
8.788469552993774414e+01 4.525590575074467381e+01
1.376572616100311279e+02 4.525590575074467381e+01
1.825566599369049072e+02 4.525590575074467381e+01
1.894151804447174072e+02 4.525590575074467381e+01
2.079376807212829590e+02 4.676041935337275390e+01
2.088395521640777588e+02 4.676041935337275390e+01
2.585024583339691162e+02 4.676041935337275390e+01
3.143113279342651367e+02 8.280468506666865380e+01
3.575056128501892090e+02 8.319176643714354213e+01
3.678027803897857666e+02 8.319176643714354213e+01
3.826666045188903809e+02 8.366865458140290457e+01
3.836220407485961914e+02 8.366865458140290457e+01
4.321523573398590088e+02 8.510498595738431504e+01
4.756329455375671387e+02 8.510563279250892776e+01
5.300025897026062012e+02 8.510563279250892776e+01
5.312334401607513428e+02 8.964398094119356131e+01
5.465796899795532227e+02 8.964398094119356131e+01
5.471869690418243408e+02 8.964398094119356131e+01
5.925905199050903320e+02 8.964398094119356131e+01
6.501102421283721924e+02 8.964398094119356131e+01
7.044594335556030273e+02 8.964398094119356131e+01
7.050452864170074463e+02 8.964398094119356131e+01
7.219519300460815430e+02 8.964398094119356131e+01
7.222316868305206299e+02 8.964398094119356131e+01
7.737761645317077637e+02 8.964398094119356131e+01
8.189014759063720703e+02 8.964398094119356131e+01
8.717124397754669189e+02 8.964398094119356131e+01
8.730254635810852051e+02 8.964398094119356131e+01
8.901846263408660889e+02 8.964398094119356131e+01
8.947675299644470215e+02 9.103348454594625139e+01
9.423799793720245361e+02 9.103348454594625139e+01
9.875440847873687744e+02 9.103348454594625139e+01
1.032402886629104614e+03 9.103348454594625139e+01
1.033735030174255371e+03 9.103348454594625139e+01
1.043881582021713257e+03 9.103348454594625139e+01
1.049143232583999634e+03 9.103348454594625139e+01
1.082074074745178223e+03 9.490288371740140860e+01
1.126796199798583984e+03 9.490288371740140860e+01
1.180317204236984253e+03 9.559313628161191900e+01
1.188884918689727783e+03 9.559313628161191900e+01
1.197104264259338379e+03 9.559313628161191900e+01
1.214336105346679688e+03 9.559313628161191900e+01
1.254543427705764771e+03 9.559313628161191900e+01
1.299378144264221191e+03 9.688167493443310718e+01
1.357226794004440308e+03 9.688167493443310718e+01
1.358590060234069824e+03 9.805785271708404593e+01
1.366165864467620850e+03 9.864386404370301875e+01
1.370741826295852661e+03 9.864386404370301875e+01
1.415128292560577393e+03 9.864386404370301875e+01
1.435334140300750732e+03 9.864386404370301875e+01
1.470124265193939209e+03 1.027142532673884148e+02
1.479748696088790894e+03 1.027142532673884148e+02
1.483595239639282227e+03 1.042329467052067855e+02
1.488255055427551270e+03 1.056340704527741536e+02
1.514616511821746826e+03 1.063290282595712881e+02
1.625677589893341064e+03 1.063290282595712881e+02
1.653588686466217041e+03 1.223108638296680226e+02
1.655185303926467896e+03 1.223108638296680226e+02
1.659675722360610962e+03 1.282714178671016612e+02
1.665184569597244263e+03 1.335732622140131696e+02
1.717424370765686035e+03 1.335732622140131696e+02
1.745568430185317993e+03 1.385984658796168105e+02
1.767990878105163574e+03 1.385984658796168105e+02
1.771026237964630127e+03 1.385984658796168105e+02
1.776337019920349121e+03 1.386830782194815299e+02
1.779223137140274048e+03 1.386830782194815299e+02
1.801730919837951660e+03 1.390679903726937710e+02
1.815645378112792969e+03 1.419226082151922981e+02
1.843209012269973755e+03 1.419226082151922981e+02
1.846622653007507324e+03 1.419226082151922981e+02
1.852438109874725342e+03 1.419226082151922981e+02
1.857158159732818604e+03 1.447663611470816249e+02
1.870560885190963745e+03 1.447663611470816249e+02
1.898685584306716919e+03 1.447663611470816249e+02
1.916306251049041748e+03 1.447663611470816249e+02
1.921342749357223511e+03 1.447663611470816249e+02
1.925109614133834839e+03 1.447663611470816249e+02
1.930280977964401245e+03 1.447663611470816249e+02
1.952477181673049927e+03 1.447663611470816249e+02
1.969913160800933838e+03 1.464161892409543384e+02
1.997782735347747803e+03 1.464161892409543384e+02
2.003732703208923340e+03 1.464161892409543384e+02
2.007864777565002441e+03 1.464161892409543384e+02
2.014751938581466675e+03 1.464161892409543384e+02
2.036628840446472168e+03 1.464161892409543384e+02
2.062168467283248901e+03 1.464161892409543384e+02
2.073176416635513306e+03 1.473507324851389910e+02
2.076094588994979858e+03 1.473507324851389910e+02
2.085041625976562500e+03 1.473507324851389910e+02
2.090685022830963135e+03 1.473507324851389910e+02
2.118527511358261108e+03 1.473507324851389910e+02
2.136402965784072876e+03 1.473507324851389910e+02
2.163977892398834229e+03 1.502571615596376660e+02
2.169118289947509766e+03 1.502571615596376660e+02
2.172976448297500610e+03 1.521682068021738132e+02
2.178732274055480957e+03 1.521682068021738132e+02
2.195883333206176758e+03 1.534028123600345452e+02
2.218011236429214478e+03 1.534028123600345452e+02
2.235043379545211792e+03 1.534028123600345452e+02
2.241247591495513916e+03 1.534028123600345452e+02
2.245510881185531616e+03 1.534028123600345452e+02
2.250170401096343994e+03 1.534028123600345452e+02
2.268177304983139038e+03 1.534028123600345452e+02
2.285740877866744995e+03 1.602910861174532329e+02
2.313750587224960327e+03 1.602910861174532329e+02
2.317520580530166626e+03 1.638934243979695111e+02
2.321673585653305054e+03 1.642829069209773252e+02
2.326106508493423462e+03 1.642829069209773252e+02
2.348056314706802368e+03 1.642829069209773252e+02
2.375562199115753174e+03 1.642829069209773252e+02
2.397945756673812866e+03 1.646876018092777940e+02
2.401959475994110107e+03 1.646876018092777940e+02
2.407817122459411621e+03 1.646876018092777940e+02
2.411916864156723022e+03 1.646876018092777940e+02
2.433177267074584961e+03 1.646876018092777940e+02
2.450628555059432983e+03 1.646876018092777940e+02
2.478240641355514526e+03 1.646876018092777940e+02
2.483410557985305786e+03 1.646876018092777940e+02
2.487252742052078247e+03 1.646876018092777940e+02
2.491120693683624268e+03 1.646876018092777940e+02
2.508418016672134399e+03 1.652562299531312533e+02
2.536012036323547363e+03 1.652562299531312533e+02
2.557649329662322998e+03 1.657002473193536503e+02
2.561790330886840820e+03 1.657002473193536503e+02
2.567609163522720337e+03 1.657002473193536503e+02
2.571695047378540039e+03 1.657002473193536503e+02
2.590587520837783813e+03 1.657002473193536503e+02
2.608018953800201416e+03 1.687541234546073952e+02
2.634701627254486084e+03 1.687541234546073952e+02
2.640622209787368774e+03 1.687541234546073952e+02
2.644436847925186157e+03 1.687541234546073952e+02
2.649905816316604614e+03 1.687541234546073952e+02
2.667374232053756714e+03 1.687541234546073952e+02
2.688006435871124268e+03 1.705337198323807115e+02
2.715667715549468994e+03 1.705337198323807115e+02
2.720870230436325073e+03 1.705337198323807115e+02
2.724647680997848511e+03 1.706552050844481698e+02
2.728766064405441284e+03 1.706552050844481698e+02
2.738271939277648926e+03 1.706552050844481698e+02
2.755229539155960083e+03 1.706552050844481698e+02
2.783175922870635986e+03 1.706552050844481698e+02
2.786053834438323975e+03 1.727284025283318840e+02
2.788710706472396851e+03 1.727284025283318840e+02
2.791640715837478638e+03 1.756580362464739551e+02
2.809195236682891846e+03 1.757154175542825385e+02
2.831822492361068726e+03 1.757154175542825385e+02
2.845498046636581421e+03 1.757154175542825385e+02
2.849714428186416626e+03 1.757154175542825385e+02
2.853849037647247314e+03 1.757154175542825385e+02
2.858539956331253052e+03 1.757154175542825385e+02
2.872981456041336060e+03 1.757154175542825385e+02
2.900910388708114624e+03 1.757154175542825385e+02
2.927780628204345703e+03 1.757580257393942134e+02
2.932403285264968872e+03 1.757580257393942134e+02
2.937978009223937988e+03 1.757580257393942134e+02
2.942706393718719482e+03 1.757580257393942134e+02
2.960082953453063965e+03 1.757580257393942134e+02
2.987136589288711548e+03 1.757580257393942134e+02
3.024420591354370117e+03 1.757580257393942134e+02
3.028495621204376221e+03 1.757580257393942134e+02
3.034088304042816162e+03 1.757580257393942134e+02
3.039355182647705078e+03 1.757580257393942134e+02
3.057454107999801636e+03 1.759662370822124444e+02
3.079900994777679443e+03 1.759662370822124444e+02
3.110959354162216187e+03 1.759662370822124444e+02
3.114427120685577393e+03 1.759662370822124444e+02
3.117737599849700928e+03 1.759662370822124444e+02
3.121168571949005127e+03 1.759662370822124444e+02
3.138567417621612549e+03 1.759662370822124444e+02
3.165978679180145264e+03 1.764699643384213630e+02
3.183052748203277588e+03 1.764699643384213630e+02
3.186772983789443970e+03 1.764699643384213630e+02
3.190439605236053467e+03 1.764699643384213630e+02
3.194499121665954590e+03 1.764699643384213630e+02
3.216834490537643433e+03 1.764699643384213630e+02
3.233345193386077881e+03 1.764699643384213630e+02
3.261916561841964722e+03 1.764699643384213630e+02
3.265732685565948486e+03 1.764699643384213630e+02
3.271746102094650269e+03 1.764699643384213630e+02
3.276183756589889526e+03 1.764699643384213630e+02
3.293671355724334717e+03 1.768039309358875926e+02
3.316199598312377930e+03 1.768039309358875926e+02
3.330014150381088257e+03 1.769085360350455289e+02
3.332978177785873413e+03 1.769085360350455289e+02
3.336385954141616821e+03 1.769085360350455289e+02
3.339596462965011597e+03 1.769085360350455289e+02
3.365528336048126221e+03 1.769085360350455289e+02
3.388198358297348022e+03 1.769085360350455289e+02
3.416400353431701660e+03 1.769085360350455289e+02
3.419498584032058716e+03 1.769085360350455289e+02
3.423281432867050171e+03 1.769085360350455289e+02
3.429100718498229980e+03 1.769085360350455289e+02
3.440993205308914185e+03 1.769085360350455289e+02
3.460883081912994385e+03 1.769085360350455289e+02
3.484151836156845093e+03 1.769085360350455289e+02
3.487690623044967651e+03 1.769085360350455289e+02
3.490697911739349365e+03 1.769104187649733149e+02
3.494493393659591675e+03 1.769104187649733149e+02
3.504879893541336060e+03 1.780515002588877280e+02
3.517862225770950317e+03 1.780539475365512203e+02
3.540416707038879395e+03 1.788700249160744136e+02
3.543795444965362549e+03 1.788700249160744136e+02
3.547101894855499268e+03 1.789039642263867620e+02
3.551709007263183594e+03 1.789039642263867620e+02
3.568677809715270996e+03 1.797333590894341739e+02
3.582731188297271729e+03 1.807604103630094130e+02
3.596492321252822876e+03 1.813362958958561535e+02
3.599306020736694336e+03 1.814875675003086144e+02
3.604029124736785889e+03 1.814875675003086144e+02
3.609491348266601562e+03 1.814875675003086144e+02
3.623909845113754272e+03 1.814875675003086144e+02
3.640801030397415161e+03 1.814875675003086144e+02
3.651983441591262817e+03 1.814875675003086144e+02
3.654888993501663208e+03 1.814875675003086144e+02
3.658558681726455688e+03 1.814875675003086144e+02
3.664509789466857910e+03 1.814875675003086144e+02
3.676435610771179199e+03 1.814875675003086144e+02
3.699073823690414429e+03 1.814875675003086144e+02
3.710186640262603760e+03 1.814875675003086144e+02
3.713212374448776245e+03 1.814875675003086144e+02
3.716947468757629395e+03 1.814875675003086144e+02
3.721426039695739746e+03 1.814875675003086144e+02
3.735926075696945190e+03 1.817091145512403045e+02
3.759882812500000000e+03 1.817091145512403045e+02
3.782717164278030396e+03 1.817091145512403045e+02
3.785400835990905762e+03 1.817091145512403045e+02
3.789071197509765625e+03 1.817091145512403045e+02
3.792836087942123413e+03 1.817091145512403045e+02
3.808173523187637329e+03 1.817091145512403045e+02
3.826598105907440186e+03 1.817091145512403045e+02
3.843685252428054810e+03 1.817091145512403045e+02
3.849227705240249634e+03 1.849783845063916488e+02
3.853620722293853760e+03 1.849783845063916488e+02
3.860725965738296509e+03 1.849783845063916488e+02
3.873473174571990967e+03 1.849783845063916488e+02
3.896228320837020874e+03 1.849783845063916488e+02
3.909769848585128784e+03 1.856964730729834798e+02
3.912501625061035156e+03 1.856964730729834798e+02
3.915302974939346313e+03 1.856964730729834798e+02
3.920478264331817627e+03 1.856964730729834798e+02
3.930574545621871948e+03 1.859492548679091897e+02
3.944346028327941895e+03 1.865267485494608763e+02
3.954826627731323242e+03 1.865267485494608763e+02
3.958372390270233154e+03 1.865267485494608763e+02
3.961653304100036621e+03 1.865267485494608763e+02
3.968915856838226318e+03 1.865267485494608763e+02
3.982428153276443481e+03 1.865267485494608763e+02
3.993186250209808350e+03 1.865267485494608763e+02
4.008236346721649170e+03 1.865267485494608763e+02
4.012635671854019165e+03 1.865267485494608763e+02
4.015078308582305908e+03 1.865267485494608763e+02
4.018516232728958130e+03 1.865267485494608763e+02
4.028205425262451172e+03 1.865267485494608763e+02
4.043239134073257446e+03 1.867099434967700518e+02
4.053117734193801880e+03 1.867099434967700518e+02
4.060223300695419312e+03 1.867099434967700518e+02
4.067390099287033081e+03 1.867099434967700518e+02
4.070588544845581055e+03 1.867099434967700518e+02
4.082159475564956665e+03 1.867099434967700518e+02
4.091868457317352295e+03 1.867099434967700518e+02
4.102349017143249512e+03 1.867099434967700518e+02
4.107789238214492798e+03 1.867099434967700518e+02
4.110782021284103394e+03 1.867099434967700518e+02
4.114934620380401611e+03 1.867099434967700518e+02
4.124633109807968140e+03 1.870579868350351376e+02
4.138296377897262573e+03 1.870579868350351376e+02
4.156487453222274780e+03 1.870579868350351376e+02
4.162384505033493042e+03 1.870579868350351376e+02
4.165629779338836670e+03 1.870579868350351376e+02
4.170754837989807129e+03 1.870579868350351376e+02
4.193039227962493896e+03 1.870579868350351376e+02
4.205834482669830322e+03 1.870579868350351376e+02
4.223668151140213013e+03 1.870579868350351376e+02
4.227583282709121704e+03 1.870579868350351376e+02
4.230569645643234253e+03 1.870579868350351376e+02
4.237744682073593140e+03 1.870579868350351376e+02
4.246141261100769043e+03 1.870579868350351376e+02
4.261002060174942017e+03 1.870579868350351376e+02
4.270974890470504761e+03 1.870579868350351376e+02
4.275274381399154663e+03 1.870579868350351376e+02
4.278921975612640381e+03 1.871080362582528380e+02
4.284798686027526855e+03 1.871080362582528380e+02
4.300147660493850708e+03 1.917299406423395567e+02
4.310034826278686523e+03 1.917299406423395567e+02
4.325228752374649048e+03 1.917299406423395567e+02
4.329236687421798706e+03 1.917299406423395567e+02
4.332422668218612671e+03 1.917299406423395567e+02
4.337296338796615601e+03 1.917299406423395567e+02
4.347661592721939087e+03 1.917299406423395567e+02
4.362025840997695923e+03 1.917299406423395567e+02
4.373189110040664673e+03 1.917299406423395567e+02
4.377811650991439819e+03 1.917299406423395567e+02
4.385225118875503540e+03 1.917299406423395567e+02
4.388136302232742310e+03 1.917299406423395567e+02
4.402546749591827393e+03 1.917299406423395567e+02
4.414406661510467529e+03 1.917299406423395567e+02
4.430221959590911865e+03 1.917299406423395567e+02
4.435476453304290771e+03 1.917299406423395567e+02
4.441060343980789185e+03 1.917299406423395567e+02
4.445034158945083618e+03 1.917299406423395567e+02
4.466792305469512939e+03 1.917299406423395567e+02
4.481599447965621948e+03 1.917299406423395567e+02
4.494056914806365967e+03 1.917299406423395567e+02
4.497453739404678345e+03 1.917299406423395567e+02
4.501024671554565430e+03 1.917571245576659180e+02
4.505462476015090942e+03 1.917571245576659180e+02
4.518629568338394165e+03 1.917571245576659180e+02
4.528873395442962646e+03 1.917571245576659180e+02
4.538393723964691162e+03 1.917571245576659180e+02
4.543848319530487061e+03 1.917571245576659180e+02
4.547311102867126465e+03 1.917571245576659180e+02
4.551119619607925415e+03 1.917571245576659180e+02
4.562942079305648804e+03 1.917571245576659180e+02
4.578132327556610107e+03 1.917571245576659180e+02
4.588152235031127930e+03 1.917571245576659180e+02
4.591939128160476685e+03 1.917571245576659180e+02
4.595150013208389282e+03 1.917571245576659180e+02
4.599983858585357666e+03 1.917571245576659180e+02
4.618009208917617798e+03 1.917571245576659180e+02
4.627273446559906006e+03 1.917571245576659180e+02
4.637114658832550049e+03 1.917571245576659180e+02
4.642850139141082764e+03 1.917571245576659180e+02
4.646085371255874634e+03 1.917647839809180823e+02
4.650636814594268799e+03 1.917647839809180823e+02
4.660841511011123657e+03 1.917647839809180823e+02
4.676857955694198608e+03 1.917647839809180823e+02
4.686605182647705078e+03 1.917647839809180823e+02
4.690950309991836548e+03 1.917647839809180823e+02
4.694713846445083618e+03 1.917647839809180823e+02
4.698633080005645752e+03 1.917647839809180823e+02
4.714466840982437134e+03 1.917647839809180823e+02
4.722232393741607666e+03 1.917647839809180823e+02
4.736322790145874023e+03 1.917647839809180823e+02
4.741093911170959473e+03 1.917647839809180823e+02
4.747047118663787842e+03 1.917647839809180823e+02
4.751115323543548584e+03 1.917647839809180823e+02
4.761266580104827881e+03 1.919523072365660710e+02
4.773833620071411133e+03 1.929369978206320582e+02
4.782475757598876953e+03 1.929369978206320582e+02
4.787090748071670532e+03 1.929369978206320582e+02
4.791111549854278564e+03 1.929369978206320582e+02
4.795663081645965576e+03 1.929369978206320582e+02
4.808572140455245972e+03 1.929369978206320582e+02
4.818691212177276611e+03 1.929369978206320582e+02
4.833874028682708740e+03 1.929369978206320582e+02
4.838915755510330200e+03 1.929369978206320582e+02
4.841662785530090332e+03 1.929369978206320582e+02
4.845707706928253174e+03 1.929369978206320582e+02
4.855134406089782715e+03 1.929369978206320582e+02
4.868410724401473999e+03 1.929369978206320582e+02
4.878312370300292969e+03 1.929491795120395068e+02
4.882833873748779297e+03 1.929491795120395068e+02
4.887044781208038330e+03 1.929491795120395068e+02
4.891569728612899780e+03 1.929491795120395068e+02
4.902676950931549072e+03 1.929491795120395068e+02
4.912473230838775635e+03 1.929491795120395068e+02
4.922755238056182861e+03 1.929491795120395068e+02
4.928683389186859131e+03 1.929491795120395068e+02
4.932123553991317749e+03 1.929491795120395068e+02
4.936952808618545532e+03 1.929491795120395068e+02
4.946967979431152344e+03 1.929491795120395068e+02
4.957635440587997437e+03 1.929491795120395068e+02
4.967460304021835327e+03 1.929491795120395068e+02
4.973299826622009277e+03 1.929491795120395068e+02
4.976343504428863525e+03 1.929491795120395068e+02
4.981017486095428467e+03 1.929491795120395068e+02
4.993621590614318848e+03 1.929491795120395068e+02
5.008803836584091187e+03 1.929491795120395068e+02
5.022893043279647827e+03 1.929491795120395068e+02
5.028612964153289795e+03 1.929491795120395068e+02
5.032406937599182129e+03 1.929491795120395068e+02
5.037273181438446045e+03 1.929491795120395068e+02
5.048965089321136475e+03 1.929491795120395068e+02
5.061594290018081665e+03 1.929491795120395068e+02
5.071690077543258667e+03 1.932276002714221192e+02
5.075391877651214600e+03 1.932480015430806475e+02
5.079125249385833740e+03 1.932480015430806475e+02
5.082851885080337524e+03 1.932480015430806475e+02
5.094414891481399536e+03 1.932480015430806475e+02
5.104449992656707764e+03 1.932480015430806475e+02
5.117525628328323364e+03 1.932480015430806475e+02
5.121155582189559937e+03 1.932480015430806475e+02
5.124808799743652344e+03 1.932480015430806475e+02
5.128411703348159790e+03 1.932480015430806475e+02
5.138522106647491455e+03 1.932480015430806475e+02
5.150595356941223145e+03 1.932480015430806475e+02
5.160295650720596313e+03 1.932480015430806475e+02
5.165390267848968506e+03 1.932480015430806475e+02
5.169744822978973389e+03 1.932480015430806475e+02
5.174428987264633179e+03 1.932480015430806475e+02
5.190021496772766113e+03 1.932480015430806475e+02
5.201455743551254272e+03 1.932480015430806475e+02
5.214186181783676147e+03 1.932480015430806475e+02
5.217775244712829590e+03 1.932480015430806475e+02
5.222821727514266968e+03 1.932480015430806475e+02
5.226080520629882812e+03 1.932480015430806475e+02
5.234902352333068848e+03 1.936432753546259846e+02
5.246744182825088501e+03 1.936501854993883285e+02
5.256980837821960449e+03 1.936501854993883285e+02
5.262816182851791382e+03 1.936501854993883285e+02
5.266540129423141479e+03 1.936663280331204646e+02
5.271504715442657471e+03 1.936663280331204646e+02
5.286792579412460327e+03 1.936663280331204646e+02
5.298318700075149536e+03 1.936663280331204646e+02
5.309962211370468140e+03 1.936663280331204646e+02
5.314524744272232056e+03 1.936663280331204646e+02
5.318854119539260864e+03 1.936663280331204646e+02
5.324023171186447144e+03 1.936663280331204646e+02
5.334232087612152100e+03 1.936663280331204646e+02
5.344156509876251221e+03 1.936663280331204646e+02
5.354390700578689575e+03 1.936663280331204646e+02
5.359730023860931396e+03 1.936663280331204646e+02
5.363084182024002075e+03 1.936663280331204646e+02
5.366652014017105103e+03 1.936663280331204646e+02
5.382066098690032959e+03 1.936663280331204646e+02
5.396885210514068604e+03 1.936663280331204646e+02
5.407574694395065308e+03 1.936663280331204646e+02
5.412856878519058228e+03 1.936663280331204646e+02
5.416498516559600830e+03 1.936663280331204646e+02
5.421205608367919922e+03 1.936663280331204646e+02
5.439196162700653076e+03 1.936663280331204646e+02
5.451669667959213257e+03 1.936663280331204646e+02
5.462991698265075684e+03 1.936663280331204646e+02
5.468029793262481689e+03 1.936663280331204646e+02
5.470764863491058350e+03 1.936663280331204646e+02
5.474126212120056152e+03 1.936663280331204646e+02
5.486210059881210327e+03 1.936663280331204646e+02
5.501186072826385498e+03 1.936663280331204646e+02
5.511264153242111206e+03 1.936663280331204646e+02
5.516354468107223511e+03 1.936663280331204646e+02
5.520126691341400146e+03 1.936663280331204646e+02
5.524673426866531372e+03 1.936663280331204646e+02
5.535905472517013550e+03 1.936663280331204646e+02
5.548705419540405273e+03 1.936908032648478866e+02
5.558671525239944458e+03 1.936908032648478866e+02
5.562349756717681885e+03 1.936908032648478866e+02
5.567540548086166382e+03 1.936908032648478866e+02
5.572367057085037231e+03 1.936908032648478866e+02
5.582991258144378662e+03 1.936908032648478866e+02
5.592320865631103516e+03 1.936908032648478866e+02
5.605237724065780640e+03 1.936908032648478866e+02
5.609284191131591797e+03 1.936908032648478866e+02
5.613532865762710571e+03 1.936908032648478866e+02
5.618046145439147949e+03 1.936908032648478866e+02
5.631506530761718750e+03 1.936908032648478866e+02
5.643564999580383301e+03 1.936908032648478866e+02
5.652675824165344238e+03 1.936908032648478866e+02
5.657031189441680908e+03 1.936908032648478866e+02
5.660740947723388672e+03 1.936908032648478866e+02
5.665683187246322632e+03 1.936908032648478866e+02
5.676417389392852783e+03 1.936908032648478866e+02
5.686477181673049927e+03 1.936908032648478866e+02
5.695129492044448853e+03 1.936908032648478866e+02
5.699470957279205322e+03 1.936908032648478866e+02
5.703035496950149536e+03 1.936908032648478866e+02
5.707845628261566162e+03 1.936908032648478866e+02
5.719515435695648193e+03 1.936996506860163834e+02
5.734989655494689941e+03 1.936996506860163834e+02
5.746710458993911743e+03 1.939830707889606174e+02
5.750838533878326416e+03 1.939830707889606174e+02
5.754128333806991577e+03 1.939830707889606174e+02
5.758631732702255249e+03 1.939830707889606174e+02
5.773461950540542603e+03 1.939830707889606174e+02
5.783676427841186523e+03 1.939830707889606174e+02
5.793017891645431519e+03 1.939830707889606174e+02
5.796677408933639526e+03 1.939830707889606174e+02
5.799978349208831787e+03 1.939830707889606174e+02
5.804896953344345093e+03 1.939830707889606174e+02
5.814649532794952393e+03 1.948968781467012548e+02
5.824687562227249146e+03 1.948968781467012548e+02
5.833820155382156372e+03 1.948968781467012548e+02
5.836590578794479370e+03 1.953179133265047938e+02
5.839853060007095337e+03 1.953179133265047938e+02
5.843588580846786499e+03 1.953179133265047938e+02
5.861647903203964233e+03 1.953179133265047938e+02
5.871583272695541382e+03 1.953179133265047938e+02
5.881486218452453613e+03 1.953179133265047938e+02
5.885723684310913086e+03 1.953179133265047938e+02
5.889414330959320068e+03 1.953179133265047938e+02
5.893268313884735107e+03 1.953179133265047938e+02
5.902212108135223389e+03 1.953789496707470050e+02
5.915253017425537109e+03 1.953789496707470050e+02
5.925419087171554565e+03 1.953789496707470050e+02
5.928287731885910034e+03 1.953933858154140069e+02
5.931610870122909546e+03 1.953933858154140069e+02
5.936251113891601562e+03 1.953933858154140069e+02
5.948038821220397949e+03 1.953933858154140069e+02
5.958069834947586060e+03 1.953933858154140069e+02
5.968208977222442627e+03 1.953933858154140069e+02
5.971438039779663086e+03 1.953933858154140069e+02
5.975184573650360107e+03 1.953933858154140069e+02
5.978906901597976685e+03 1.953933858154140069e+02
5.989255405664443970e+03 1.954836008961985954e+02
6.001766513347625732e+03 1.954836008961985954e+02
6.016270805835723877e+03 1.954836008961985954e+02
6.020619542837142944e+03 1.954836008961985954e+02
6.023891164302825928e+03 1.954836008961985954e+02
6.027970870733261108e+03 1.954836008961985954e+02
6.042994862079620361e+03 1.954836008961985954e+02
6.051979265213012695e+03 1.954836008961985954e+02
6.061955361604690552e+03 1.955896489367439131e+02
6.065756438016891479e+03 1.955896489367439131e+02
6.069366484165191650e+03 1.955896489367439131e+02
6.073007514715194702e+03 1.955896489367439131e+02
6.086242797374725342e+03 1.955896489367439131e+02
6.096967782020568848e+03 1.955896489367439131e+02
6.108099450111389160e+03 1.955896489367439131e+02
6.111985454559326172e+03 1.955896489367439131e+02
6.114483886480331421e+03 1.955896489367439131e+02
6.118808908224105835e+03 1.955896489367439131e+02
6.133637953519821167e+03 1.955896489367439131e+02
6.142360717535018921e+03 1.955896489367439131e+02
6.156121950149536133e+03 1.955896489367439131e+02
6.160937056303024292e+03 1.955896489367439131e+02
6.164622741460800171e+03 1.955896489367439131e+02
6.169484596252441406e+03 1.955896489367439131e+02
6.180566007137298584e+03 1.955896489367439131e+02
6.189545954465866089e+03 1.955896489367439131e+02
6.199285144567489624e+03 1.955896489367439131e+02
6.203065747737884521e+03 1.955896489367439131e+02
6.206688516855239868e+03 1.955896489367439131e+02
6.210547996997833252e+03 1.955896489367439131e+02
6.221075102567672729e+03 1.965372808761604801e+02
6.230251134872436523e+03 1.965372808761604801e+02
6.242357775926589966e+03 1.965372808761604801e+02
6.246034729957580566e+03 1.969205755284103816e+02
6.249478487491607666e+03 1.969205755284103816e+02
6.254348495960235596e+03 1.969205755284103816e+02
6.265873837471008301e+03 1.973337381599388323e+02
6.279014839887619019e+03 1.973337381599388323e+02
6.289565802335739136e+03 1.973337381599388323e+02
6.291967413663864136e+03 1.973337381599388323e+02
6.294622125864028931e+03 1.980100146413019218e+02
6.297837629795074463e+03 1.980100146413019218e+02
6.309936558961868286e+03 1.980100146413019218e+02
6.325170980215072632e+03 1.980100146413019218e+02
6.340194722652435303e+03 1.980739242728665772e+02
6.343978855133056641e+03 1.980739242728665772e+02
6.349039678096771240e+03 1.980739242728665772e+02
6.353503088951110840e+03 1.980739242728665772e+02
6.362716318130493164e+03 1.985609997041008228e+02
6.371989114284515381e+03 1.985609997041008228e+02
6.385233124732971191e+03 1.985609997041008228e+02
6.388806423425674438e+03 1.985609997041008228e+02
6.391550948619842529e+03 1.985609997041008228e+02
6.395337165355682373e+03 1.985609997041008228e+02
6.410083726644515991e+03 1.985609997041008228e+02
6.425401824712753296e+03 1.985609997041008228e+02
6.441244732141494751e+03 1.985609997041008228e+02
6.443910395860671997e+03 1.985609997041008228e+02
6.447630856513977051e+03 1.985609997041008228e+02
6.450910437583923340e+03 1.998355484063940821e+02
6.461332570314407349e+03 1.999042876537213260e+02
6.473035370111465454e+03 1.999042876537213260e+02
6.484861022710800171e+03 1.999773167251235577e+02
6.489497768402099609e+03 1.999773167251235577e+02
6.493206595659255981e+03 1.999773167251235577e+02
6.497481173038482666e+03 1.999773167251235577e+02
6.512555362939834595e+03 1.999773167251235577e+02
6.523972512960433960e+03 1.999773167251235577e+02
6.538743386745452881e+03 1.999773167251235577e+02
6.543683026313781738e+03 1.999773167251235577e+02
6.546121411323547363e+03 1.999773167251235577e+02
6.549393137216567993e+03 1.999773167251235577e+02
6.561072770595550537e+03 1.999773167251235577e+02
6.576144124507904053e+03 1.999773167251235577e+02
6.585782120227813721e+03 1.999773167251235577e+02
6.590486236810684204e+03 1.999773167251235577e+02
6.594171528577804565e+03 1.999773167251235577e+02
6.598476080417633057e+03 1.999773167251235577e+02
6.613507853507995605e+03 1.999773167251235577e+02
6.624418905019760132e+03 1.999773167251235577e+02
6.636788148403167725e+03 1.999773167251235577e+02
6.640189365863800049e+03 1.999773167251235577e+02
6.643181557655334473e+03 1.999773167251235577e+02
6.646831224918365479e+03 1.999773167251235577e+02
6.658470548391342163e+03 2.002232350761719317e+02
6.669959270238876343e+03 2.002232350761719317e+02
6.681744541168212891e+03 2.062022613707803771e+02
6.685343077182769775e+03 2.062022613707803771e+02
6.689401605844497681e+03 2.062022613707803771e+02
6.694152379751205444e+03 2.062022613707803771e+02
6.707269161939620972e+03 2.062022613707803771e+02
6.718903782367706299e+03 2.072865598674572993e+02
6.732087452888488770e+03 2.072865598674572993e+02
6.735078329324722290e+03 2.072865598674572993e+02
6.738802528142929077e+03 2.072865598674572993e+02
6.742078014373779297e+03 2.072865598674572993e+02
6.753357343435287476e+03 2.077088993649811641e+02
6.763284778594970703e+03 2.077088993649811641e+02
6.773460014820098877e+03 2.085546498331163718e+02
6.777105520248413086e+03 2.085546498331163718e+02
6.780920635461807251e+03 2.085546498331163718e+02
6.784572133064270020e+03 2.085546498331163718e+02
6.799561206579208374e+03 2.085546498331163718e+02
6.809317596197128296e+03 2.086169488091083792e+02
6.824773634195327759e+03 2.086169488091083792e+02
6.829266613245010376e+03 2.086169488091083792e+02
6.832943449735641479e+03 2.086169488091083792e+02
6.837864649534225464e+03 2.086169488091083792e+02
6.853660007953643799e+03 2.086169488091083792e+02
6.868985263586044312e+03 2.086172012762295651e+02
6.879017565250396729e+03 2.087142062586788143e+02
6.882325840473175049e+03 2.087142062586788143e+02
6.885407105684280396e+03 2.087142062586788143e+02
6.888409835100173950e+03 2.087142062586788143e+02
6.899825514554977417e+03 2.087142062586788143e+02
6.911712404251098633e+03 2.087142062586788143e+02
6.924372946739196777e+03 2.087142062586788143e+02
6.929070173740386963e+03 2.087142062586788143e+02
6.932879179716110229e+03 2.087142062586788143e+02
6.936648278713226318e+03 2.087142062586788143e+02
6.948110300779342651e+03 2.094864094062410231e+02
6.958322289466857910e+03 2.098439029814188359e+02
6.968204415082931519e+03 2.103358428910186717e+02
6.971746363639831543e+03 2.103358428910186717e+02
6.975473448753356934e+03 2.103358428910186717e+02
6.978470172882080078e+03 2.103358428910186717e+02
6.989789364099502563e+03 2.103358428910186717e+02
7.000859669446945190e+03 2.103512730754887059e+02
7.013574993610382080e+03 2.103512730754887059e+02
7.017326778411865234e+03 2.103512730754887059e+02
7.021193323373794556e+03 2.103512730754887059e+02
7.025877259254455566e+03 2.103512730754887059e+02
7.037625518083572388e+03 2.103512730754887059e+02
7.048165187358856201e+03 2.103512730754887059e+02
7.063180784463882446e+03 2.103512730754887059e+02
7.067463810682296753e+03 2.103512730754887059e+02
7.072211886644363403e+03 2.103512730754887059e+02
7.075408928155899048e+03 2.103512730754887059e+02
7.090586871862411499e+03 2.103512730754887059e+02
7.103272587776184082e+03 2.106073637057794770e+02
7.117451683521270752e+03 2.106073637057794770e+02
7.121124070405960083e+03 2.106073637057794770e+02
7.126183781862258911e+03 2.106073637057794770e+02
7.130131691932678223e+03 2.106073637057794770e+02
7.141500148534774780e+03 2.106248725042119077e+02
7.156523442029953003e+03 2.106248725042119077e+02
7.167822540044784546e+03 2.106248725042119077e+02
7.171436848878860474e+03 2.106248725042119077e+02
7.174751177549362183e+03 2.106248725042119077e+02
7.179699699640274048e+03 2.106248725042119077e+02
7.194014664411544800e+03 2.106248725042119077e+02
7.205790390491485596e+03 2.106248725042119077e+02
7.215769308567047119e+03 2.106248725042119077e+02
7.218681488752365112e+03 2.106248725042119077e+02
7.223546245098114014e+03 2.106248725042119077e+02
7.228180647134780884e+03 2.106248725042119077e+02
7.239921964883804321e+03 2.106248725042119077e+02
7.254491767644882202e+03 2.111062942070690269e+02
7.265630854368209839e+03 2.111062942070690269e+02
7.269191298484802246e+03 2.111062942070690269e+02
7.272820362091064453e+03 2.111062942070690269e+02
7.277069639205932617e+03 2.111062942070690269e+02
7.291867937088012695e+03 2.111062942070690269e+02
7.303226280927658081e+03 2.111062942070690269e+02
7.314902759313583374e+03 2.112848950833168828e+02
7.318677800416946411e+03 2.112848950833168828e+02
7.322429660558700562e+03 2.112848950833168828e+02
7.326369784593582153e+03 2.112848950833168828e+02
7.334455553054809570e+03 2.112848950833168828e+02
7.348767922639846802e+03 2.112848950833168828e+02
7.360662898540496826e+03 2.112848950833168828e+02
7.364410211801528931e+03 2.112848950833168828e+02
7.367500453233718872e+03 2.112848950833168828e+02
7.371287325859069824e+03 2.112848950833168828e+02
7.383050027608871460e+03 2.112848950833168828e+02
7.398228585004806519e+03 2.112848950833168828e+02
7.411300277471542358e+03 2.112848950833168828e+02
7.414688486099243164e+03 2.112848950833168828e+02
7.418430152654647827e+03 2.112848950833168828e+02
7.422015774488449097e+03 2.112848950833168828e+02
7.431187164783477783e+03 2.112848950833168828e+02
7.440796619415283203e+03 2.112848950833168828e+02
7.449142152070999146e+03 2.112848950833168828e+02
7.452696004629135132e+03 2.112848950833168828e+02
7.457508746147155762e+03 2.112848950833168828e+02
7.461089459657669067e+03 2.112848950833168828e+02
7.474013890027999878e+03 2.112848950833168828e+02
7.485790445089340210e+03 2.112848950833168828e+02
7.500850372791290283e+03 2.112848950833168828e+02
7.505384973287582397e+03 2.112848950833168828e+02
7.509113480567932129e+03 2.112848950833168828e+02
7.513888100385665894e+03 2.112848950833168828e+02
7.525357104301452637e+03 2.112848950833168828e+02
7.540236406326293945e+03 2.113268012028786700e+02
7.551357741355895996e+03 2.113268012028786700e+02
7.555969429969787598e+03 2.113268012028786700e+02
7.559739395618438721e+03 2.113268012028786700e+02
7.564592836618423462e+03 2.113268012028786700e+02
7.579878958463668823e+03 2.113268012028786700e+02
7.595231928586959839e+03 2.113268012028786700e+02
7.608822659492492676e+03 2.113268012028786700e+02
7.613712219238281250e+03 2.113268012028786700e+02
7.617281299591064453e+03 2.113268012028786700e+02
7.621864874601364136e+03 2.113268012028786700e+02
7.631421281337738037e+03 2.113268012028786700e+02
7.643120001792907715e+03 2.113268012028786700e+02
7.658312305212020874e+03 2.113268012028786700e+02
7.661907407045364380e+03 2.113268012028786700e+02
7.665361449241638184e+03 2.113268012028786700e+02
7.670300130844116211e+03 2.113268012028786700e+02
7.684913531541824341e+03 2.113268012028786700e+02
7.700296756267547607e+03 2.113268012028786700e+02
7.711946692943572998e+03 2.113268012028786700e+02
7.715544306993484497e+03 2.113268012028786700e+02
7.719204424619674683e+03 2.113268012028786700e+02
7.724191128730773926e+03 2.113268012028786700e+02
7.736044752359390259e+03 2.113500222522888521e+02
7.747917488098144531e+03 2.113504497271306093e+02
7.759661449670791626e+03 2.113504497271306093e+02
7.763165542840957642e+03 2.113504497271306093e+02
7.767931815624237061e+03 2.113504497271306093e+02
7.772677501678466797e+03 2.113504497271306093e+02
7.784325448989868164e+03 2.113504497271306093e+02
7.796163269758224487e+03 2.113504497271306093e+02
7.806057608366012573e+03 2.113504497271306093e+02
7.809599433898925781e+03 2.113504497271306093e+02
7.813266809940338135e+03 2.113504497271306093e+02
7.818207536220550537e+03 2.113504497271306093e+02
7.829621528148651123e+03 2.113504497271306093e+02
7.844546387434005737e+03 2.113504497271306093e+02
7.854749566078186035e+03 2.113504497271306093e+02
7.858308399915695190e+03 2.113504497271306093e+02
7.861868000507354736e+03 2.113504497271306093e+02
7.865599058389663696e+03 2.113504497271306093e+02
7.880538414955139160e+03 2.113504497271306093e+02
7.892033586978912354e+03 2.113504497271306093e+02
7.903427374601364136e+03 2.113504497271306093e+02
7.906583935976028442e+03 2.113504497271306093e+02
7.909034206867218018e+03 2.113504497271306093e+02
7.913545387983322144e+03 2.113504497271306093e+02
7.924448670864105225e+03 2.113504497271306093e+02
7.939663971424102783e+03 2.113504497271306093e+02
7.948976610898971558e+03 2.113504497271306093e+02
7.953396116733551025e+03 2.113504497271306093e+02
7.956508138656616211e+03 2.113504497271306093e+02
7.960932696580886841e+03 2.113504497271306093e+02
7.975050770044326782e+03 2.113504497271306093e+02
7.985935672998428345e+03 2.113504497271306093e+02
8.002458040952682495e+03 2.113504497271306093e+02
8.006070731878280640e+03 2.113504497271306093e+02
8.009205816030502319e+03 2.113504497271306093e+02
8.013637271881103516e+03 2.113504497271306093e+02
8.024249622583389282e+03 2.113701829327279142e+02
8.037287246942520142e+03 2.113701829327279142e+02
8.048557506322860718e+03 2.113701829327279142e+02
8.052136152505874634e+03 2.113701829327279142e+02
8.056664128065109253e+03 2.113701829327279142e+02
8.061303161859512329e+03 2.113701829327279142e+02
8.076245044469833374e+03 2.113701829327279142e+02
8.087008846282958984e+03 2.113701829327279142e+02
8.098651673316955566e+03 2.113701829327279142e+02
8.102224536418914795e+03 2.113701829327279142e+02
8.104674630403518677e+03 2.113701829327279142e+02
8.107677928686141968e+03 2.113701829327279142e+02
8.118739947080612183e+03 2.113701829327279142e+02
8.129365373849868774e+03 2.113701829327279142e+02
8.140062611103057861e+03 2.113701829327279142e+02
8.143340577363967896e+03 2.113701829327279142e+02
8.147952546358108521e+03 2.113701829327279142e+02
8.151327808141708374e+03 2.113701829327279142e+02
8.166194364547729492e+03 2.113701829327279142e+02
8.176354837417602539e+03 2.113701829327279142e+02
8.191396535873413086e+03 2.113701829327279142e+02
8.196406786918640137e+03 2.113701829327279142e+02
8.200224964141845703e+03 2.113701829327279142e+02
8.204235146284103394e+03 2.113701829327279142e+02
8.219812020540237427e+03 2.113701829327279142e+02
8.234932693481445312e+03 2.113701829327279142e+02
8.245022140264511108e+03 2.113701829327279142e+02
8.248191367864608765e+03 2.114413323124154829e+02
8.253002892971038818e+03 2.114413323124154829e+02
8.257700500249862671e+03 2.114413323124154829e+02
8.272979092121124268e+03 2.116482693492687304e+02
8.284364816665649414e+03 2.116482693492687304e+02
8.298210818529129028e+03 2.116482693492687304e+02
8.302665103197097778e+03 2.116482693492687304e+02
8.306501342296600342e+03 2.116482693492687304e+02
8.311560497045516968e+03 2.116482693492687304e+02
8.323242469072341919e+03 2.118075822990634833e+02
8.334069194078445435e+03 2.118075822990634833e+02
8.345789825439453125e+03 2.118075822990634833e+02
8.349406960248947144e+03 2.118082407175510298e+02
8.352321733236312866e+03 2.118082407175510298e+02
8.357111056089401245e+03 2.118082407175510298e+02
8.372291063308715820e+03 2.118082407175510298e+02
8.383029790401458740e+03 2.118082407175510298e+02
8.396876743793487549e+03 2.118082407175510298e+02
8.400423304080963135e+03 2.118082407175510298e+02
8.404114930391311646e+03 2.118082407175510298e+02
8.409134364604949951e+03 2.118082407175510298e+02
8.423008287429809570e+03 2.118082407175510298e+02
8.434642565488815308e+03 2.118082407175510298e+02
8.446334683895111084e+03 2.118082407175510298e+02
8.449917835712432861e+03 2.118082407175510298e+02
8.453415784358978271e+03 2.118082407175510298e+02
8.458007557392120361e+03 2.118082407175510298e+02
8.473589287281036377e+03 2.118082407175510298e+02
8.485413819551467896e+03 2.118082407175510298e+02
8.500543902397155762e+03 2.119604356595773424e+02
8.504354012489318848e+03 2.119604356595773424e+02
8.508120792388916016e+03 2.119604356595773424e+02
8.511430438280105591e+03 2.119604356595773424e+02
8.522949065685272217e+03 2.119604356595773424e+02
8.536477580308914185e+03 2.119604356595773424e+02
8.548196855068206787e+03 2.119604356595773424e+02
8.551548369169235229e+03 2.119604356595773424e+02
8.556283626556396484e+03 2.119604356595773424e+02
8.560015404224395752e+03 2.119604356595773424e+02
8.575328493833541870e+03 2.119604356595773424e+02
8.587081552267074585e+03 2.119604356595773424e+02
8.600094906091690063e+03 2.119604356595773424e+02
8.605211259126663208e+03 2.119604356595773424e+02
8.609128737926483154e+03 2.119604356595773424e+02
8.614108067750930786e+03 2.119604356595773424e+02
8.624883106470108032e+03 2.119604356595773424e+02
8.636199100971221924e+03 2.119604356595773424e+02
8.651408239841461182e+03 2.119604356595773424e+02
8.654974941730499268e+03 2.119604356595773424e+02
8.657414394140243530e+03 2.119604356595773424e+02
8.660336104393005371e+03 2.119604356595773424e+02
8.671876876592636108e+03 2.120132866704781236e+02
8.683774551630020142e+03 2.120132866704781236e+02
8.698592511653900146e+03 2.120132866704781236e+02
8.702297275781631470e+03 2.120132866704781236e+02
8.705944598436355591e+03 2.120132866704781236e+02
8.710755652427673340e+03 2.120132866704781236e+02
8.722148005247116089e+03 2.120132866704781236e+02
8.737276447772979736e+03 2.120132866704781236e+02
8.749568744182586670e+03 2.120132866704781236e+02
8.752368222713470459e+03 2.120132866704781236e+02
8.756242040872573853e+03 2.120132866704781236e+02
8.759953249216079712e+03 2.120132866704781236e+02
8.775076281547546387e+03 2.120132866704781236e+02
8.787911931991577148e+03 2.120132866704781236e+02
8.799313160419464111e+03 2.120132866704781236e+02
8.802981346607208252e+03 2.120132866704781236e+02
8.806574208259582520e+03 2.120132866704781236e+02
8.810823056936264038e+03 2.120132866704781236e+02
8.822607260704040527e+03 2.142188198702599493e+02
8.837278031349182129e+03 2.142188198702599493e+02
8.848878202915191650e+03 2.142188198702599493e+02
8.851693113803863525e+03 2.142188198702599493e+02
8.855357067346572876e+03 2.142188198702599493e+02
8.859489273786544800e+03 2.142188198702599493e+02
8.874393710374832153e+03 2.142188198702599493e+02
8.884415374755859375e+03 2.144412582540722383e+02
8.895805611371994019e+03 2.144412582540722383e+02
8.898788905858993530e+03 2.144412582540722383e+02
8.903876861095428467e+03 2.144412582540722383e+02
8.907556787967681885e+03 2.144412582540722383e+02
8.921055117368698120e+03 2.144412582540722383e+02
8.931372874975204468e+03 2.144412582540722383e+02
8.944604234218597412e+03 2.144412582540722383e+02
8.948172524690628052e+03 2.144429799221626922e+02
8.951832828998565674e+03 2.144429799221626922e+02
8.955524964570999146e+03 2.144429799221626922e+02
8.970776438474655151e+03 2.147135783913825549e+02
8.982889558076858521e+03 2.147135783913825549e+02
8.996069728374481201e+03 2.147135783913825549e+02
8.999598480224609375e+03 2.147135783913825549e+02
9.002663552284240723e+03 2.147135783913825549e+02
9.005853930711746216e+03 2.147135783913825549e+02
9.017394799232482910e+03 2.147135783913825549e+02
9.030614660739898682e+03 2.147135783913825549e+02
9.042323145389556885e+03 2.147135783913825549e+02
9.045960716724395752e+03 2.147135783913825549e+02
9.049134322166442871e+03 2.147135783913825549e+02
9.052386331319808960e+03 2.147135783913825549e+02
9.067762230396270752e+03 2.147135783913825549e+02
9.077881536006927490e+03 2.147135783913825549e+02
9.092923206090927124e+03 2.147135783913825549e+02
9.096550854444503784e+03 2.147135783913825549e+02
9.100284858465194702e+03 2.147135783913825549e+02
9.104763824224472046e+03 2.147135783913825549e+02
9.116248954296112061e+03 2.147135783913825549e+02
9.128262732744216919e+03 2.147135783913825549e+02
9.139401641845703125e+03 2.147135783913825549e+02
9.142551197528839111e+03 2.147135783913825549e+02
9.146184189558029175e+03 2.147135783913825549e+02
9.149733227968215942e+03 2.147135783913825549e+02
9.165448663234710693e+03 2.150283565079939763e+02
9.177394392967224121e+03 2.150283565079939763e+02
9.190705121517181396e+03 2.150283565079939763e+02
9.194287346124649048e+03 2.150283565079939763e+02
9.199284320831298828e+03 2.150283565079939763e+02
9.204008556127548218e+03 2.150283565079939763e+02
9.219276677131652832e+03 2.150283565079939763e+02
9.230791381835937500e+03 2.150283565079939763e+02
9.242580662727355957e+03 2.150283565079939763e+02
9.246219641208648682e+03 2.150283565079939763e+02
9.249872428894042969e+03 2.150283565079939763e+02
9.253515453338623047e+03 2.150283565079939763e+02
9.269078498601913452e+03 2.150283565079939763e+02
9.280465872049331665e+03 2.150283565079939763e+02
9.293181729078292847e+03 2.150283565079939763e+02
9.296705074787139893e+03 2.150283565079939763e+02
9.299493681669235229e+03 2.150283565079939763e+02
9.303344434022903442e+03 2.150283565079939763e+02
9.312288009881973267e+03 2.164888291922385406e+02
9.327668023347854614e+03 2.164888291922385406e+02
9.339487034559249878e+03 2.171601554587004728e+02
9.342972199678421021e+03 2.171601554587004728e+02
9.347783341407775879e+03 2.171601554587004728e+02
9.351056177854537964e+03 2.171601554587004728e+02
9.362779243946075439e+03 2.171853314915369424e+02
9.372593705892562866e+03 2.171853314915369424e+02
9.387453196048736572e+03 2.171853314915369424e+02
9.391040571451187134e+03 2.171853314915369424e+02
9.395521362066268921e+03 2.171853314915369424e+02
9.400466851472854614e+03 2.171853314915369424e+02
9.414354283094406128e+03 2.171853314915369424e+02
9.429306750059127808e+03 2.175192146110321119e+02
9.440729856014251709e+03 2.175192146110321119e+02
9.444667751073837280e+03 2.175192146110321119e+02
9.447998961448669434e+03 2.175192146110321119e+02
9.452065036296844482e+03 2.175192146110321119e+02
9.466853305816650391e+03 2.175192146110321119e+02
9.481727872371673584e+03 2.175192146110321119e+02
9.493176246166229248e+03 2.175192146110321119e+02
9.497645383596420288e+03 2.175192146110321119e+02
9.501589123487472534e+03 2.175192146110321119e+02
9.504826244592666626e+03 2.175192146110321119e+02
9.515430531978607178e+03 2.175192146110321119e+02
9.529361209392547607e+03 2.175192146110321119e+02
9.539624464511871338e+03 2.175192146110321119e+02
9.542842759847640991e+03 2.175192146110321119e+02
9.545740085124969482e+03 2.175192146110321119e+02
9.549468552112579346e+03 2.175192146110321119e+02
9.560776310443878174e+03 2.175192146110321119e+02
9.572621700048446655e+03 2.175192146110321119e+02
9.583915055990219116e+03 2.178250503060033338e+02
9.587653757333755493e+03 2.178250503060033338e+02
9.591057263851165771e+03 2.178250503060033338e+02
9.595326270580291748e+03 2.178250503060033338e+02
9.606510890722274780e+03 2.178250503060033338e+02
9.621493824481964111e+03 2.178250503060033338e+02
9.631954131841659546e+03 2.178465487296113849e+02
9.635712282180786133e+03 2.178465487296113849e+02
9.639545636177062988e+03 2.178465487296113849e+02
9.644478585004806519e+03 2.178465487296113849e+02
9.659740712165832520e+03 2.178465487296113849e+02
9.671374310255050659e+03 2.178465487296113849e+02
9.685926647901535034e+03 2.178465487296113849e+02
9.689587694406509399e+03 2.178465487296113849e+02
9.692389832496643066e+03 2.178465487296113849e+02
9.696052527189254761e+03 2.178465487296113849e+02
9.705019181013107300e+03 2.178465487296113849e+02
9.719315638303756714e+03 2.178465487296113849e+02
9.726744089126586914e+03 2.178465487296113849e+02
9.730405267000198364e+03 2.178465487296113849e+02
9.734258703947067261e+03 2.178465487296113849e+02
9.738731973886489868e+03 2.178465487296113849e+02
9.753583913803100586e+03 2.178465487296113849e+02
9.762766013383865356e+03 2.178465487296113849e+02
9.778466448783874512e+03 2.178465487296113849e+02
9.782303567409515381e+03 2.178465487296113849e+02
9.785759381294250488e+03 2.178465487296113849e+02
9.789461394071578979e+03 2.178465487296113849e+02
9.801341403484344482e+03 2.184302732012062052e+02
9.813927696943283081e+03 2.184302732012062052e+02
9.825649618387222290e+03 2.184302732012062052e+02
9.829411048173904419e+03 2.184302732012062052e+02
9.833084770917892456e+03 2.184302732012062052e+02
9.836787529230117798e+03 2.184302732012062052e+02
9.851638545989990234e+03 2.184302732012062052e+02
9.863423672199249268e+03 2.184302732012062052e+02
9.874110479593276978e+03 2.184302732012062052e+02
9.877656992197036743e+03 2.184302732012062052e+02
9.881273249626159668e+03 2.184302732012062052e+02
9.886254029750823975e+03 2.184302732012062052e+02
9.897962812900543213e+03 2.192368310673621750e+02
9.908966661453247070e+03 2.192368310673621750e+02
9.922127132177352905e+03 2.192368310673621750e+02
9.925735826015472412e+03 2.192368310673621750e+02
9.929428352832794189e+03 2.192368310673621750e+02
9.933039136648178101e+03 2.192368310673621750e+02
9.943762146234512329e+03 2.192368310673621750e+02
9.955397249460220337e+03 2.195469806224253659e+02
9.970286397218704224e+03 2.195469806224253659e+02
9.973615914106369019e+03 2.195469806224253659e+02
9.976028580904006958e+03 2.195469806224253659e+02
9.978441106319427490e+03 2.195469806224253659e+02
9.992479303359985352e+03 2.195469806224253659e+02
1.000741261482238770e+04 2.195595584854779929e+02
1.001871763229370117e+04 2.195595584854779929e+02
1.002347923564910889e+04 2.195595584854779929e+02
1.002768254828453064e+04 2.195595584854779929e+02
1.003152801012992859e+04 2.195595584854779929e+02
1.004590049052238464e+04 2.195595584854779929e+02
1.005553351926803589e+04 2.195595584854779929e+02
1.006880409026145935e+04 2.196002889397043134e+02
1.007241636919975281e+04 2.196002889397043134e+02
1.007602613520622253e+04 2.196002889397043134e+02
1.007892182803153992e+04 2.196002889397043134e+02
1.009079561781883240e+04 2.196002889397043134e+02
1.010634181833267212e+04 2.196002889397043134e+02
1.011830140542984009e+04 2.196288422387719095e+02
1.012206843614578247e+04 2.198063971204365714e+02
1.012563180375099182e+04 2.198063971204365714e+02
1.013036063051223755e+04 2.198063971204365714e+02
1.014518736362457275e+04 2.198063971204365714e+02
1.015505108094215393e+04 2.198063971204365714e+02
1.016992731904983521e+04 2.215383293115829133e+02
1.017361329889297485e+04 2.215383293115829133e+02
1.017815651917457581e+04 2.215383293115829133e+02
1.018290028333663940e+04 2.215383293115829133e+02
1.019470099759101868e+04 2.215383293115829133e+02
1.020979795980453491e+04 2.215383293115829133e+02
1.022287143731117249e+04 2.215383293115829133e+02
1.022609952569007874e+04 2.215383293115829133e+02
1.022975358223915100e+04 2.215383293115829133e+02
1.023391777729988098e+04 2.215383293115829133e+02
1.024754805970191956e+04 2.215383293115829133e+02
1.025895303082466125e+04 2.217500148674058664e+02
1.027120033049583435e+04 2.217500148674058664e+02
1.027495150518417358e+04 2.217500148674058664e+02
1.027864420080184937e+04 2.217500148674058664e+02
1.028340158009529114e+04 2.217500148674058664e+02
1.029759875702857971e+04 2.217500148674058664e+02
1.030907373118400574e+04 2.217500148674058664e+02
1.032010356521606445e+04 2.217500148674058664e+02
1.032300858592987061e+04 2.217500148674058664e+02
1.032602252554893494e+04 2.217500148674058664e+02
1.032968656539916992e+04 2.217851345291762755e+02
1.034464431524276733e+04 2.217851345291762755e+02
1.035501391005516052e+04 2.217851345291762755e+02
1.037017728471755981e+04 2.219830221381655235e+02
1.037491949987411499e+04 2.219830221381655235e+02
1.037807319068908691e+04 2.219830221381655235e+02
1.038252628016471863e+04 2.219830221381655235e+02
1.039232834148406982e+04 2.219830221381655235e+02
1.040782570314407349e+04 2.225708415744063018e+02
1.041659025883674622e+04 2.225708415744063018e+02
1.042040829133987427e+04 2.225708415744063018e+02
1.042405516314506531e+04 2.225708415744063018e+02
1.042853885221481323e+04 2.225708415744063018e+02
1.043992640376091003e+04 2.225708415744063018e+02
1.044927330255508423e+04 2.225708415744063018e+02
1.046010334086418152e+04 2.225708415744063018e+02
1.046303998398780823e+04 2.225708415744063018e+02
1.046681813883781433e+04 2.225708415744063018e+02
1.047099384808540344e+04 2.225708415744063018e+02
1.048249638819694519e+04 2.225708415744063018e+02
1.049708970713615417e+04 2.240274005716942156e+02
1.050884371376037598e+04 2.240274005716942156e+02
1.051321782302856445e+04 2.240274005716942156e+02
1.051683647704124451e+04 2.240274005716942156e+02
1.052124202871322632e+04 2.240274005716942156e+02
1.053530271172523499e+04 2.240274005716942156e+02
1.054715661716461182e+04 2.240274005716942156e+02
1.056216536164283752e+04 2.240274005716942156e+02
1.056559629821777344e+04 2.240274005716942156e+02
1.056903747820854187e+04 2.240274005716942156e+02
1.057362669944763184e+04 2.240274005716942156e+02
1.058832741522789001e+04 2.240274005716942156e+02
1.060205264854431152e+04 2.240274005716942156e+02
1.061397098207473755e+04 2.240274005716942156e+02
1.061757274913787842e+04 2.240274005716942156e+02
1.062120975446701050e+04 2.240274005716942156e+02
1.062492105746269226e+04 2.240274005716942156e+02
1.063930716824531555e+04 2.240274005716942156e+02
1.065005453181266785e+04 2.240274005716942156e+02
1.066156165766716003e+04 2.240274005716942156e+02
1.066447591400146484e+04 2.240274005716942156e+02
1.066759206247329712e+04 2.240274005716942156e+02
1.067255151343345642e+04 2.240274005716942156e+02
1.068408725953102112e+04 2.240274005716942156e+02
1.069510605025291443e+04 2.240274005716942156e+02
1.070702452516555786e+04 2.240274005716942156e+02
1.071051399755477905e+04 2.240274005716942156e+02
1.071406003308296204e+04 2.240274005716942156e+02
1.071791960382461548e+04 2.240274005716942156e+02
1.073310425472259521e+04 2.240274005716942156e+02
1.074287709450721741e+04 2.240274005716942156e+02
1.075755576086044312e+04 2.240274005716942156e+02
1.076113743853569031e+04 2.240274005716942156e+02
1.076449119615554810e+04 2.240274005716942156e+02
1.076790066766738892e+04 2.240274005716942156e+02
1.077958982896804810e+04 2.240274005716942156e+02
1.079441227912902832e+04 2.240274005716942156e+02
1.080621121573448181e+04 2.240274005716942156e+02
1.080967596316337585e+04 2.240274005716942156e+02
1.081308501648902893e+04 2.240274005716942156e+02
1.081674422097206116e+04 2.240274005716942156e+02
1.083075641155242920e+04 2.240274005716942156e+02
1.084251022362709045e+04 2.240274005716942156e+02
1.085784701275825500e+04 2.240274005716942156e+02
1.086270147013664246e+04 2.240274005716942156e+02
1.086589570188522339e+04 2.240274005716942156e+02
1.086955085825920105e+04 2.240274005716942156e+02
1.088121299433708191e+04 2.240274005716942156e+02
1.089608260655403137e+04 2.240274005716942156e+02
1.090797269058227539e+04 2.240274005716942156e+02
1.091154586911201477e+04 2.240274005716942156e+02
1.091464811682701111e+04 2.240274005716942156e+02
1.091895374488830566e+04 2.240274005716942156e+02
1.093408596062660217e+04 2.240274005716942156e+02
1.094545899796485901e+04 2.240274005716942156e+02
1.096060980987548828e+04 2.240274005716942156e+02
1.096338321280479431e+04 2.240274005716942156e+02
1.096699803495407104e+04 2.240274005716942156e+02
1.097084912991523743e+04 2.240274005716942156e+02
1.098625549387931824e+04 2.240274005716942156e+02
1.100156973958015442e+04 2.240703463261895649e+02
1.101230810332298279e+04 2.240703463261895649e+02
1.101577735948562622e+04 2.240703463261895649e+02
1.101983411526679993e+04 2.240703463261895649e+02
1.102468888545036316e+04 2.240703463261895649e+02
1.103627923464775085e+04 2.240703463261895649e+02
1.104819702434539795e+04 2.240703463261895649e+02
1.105994387960433960e+04 2.240703463261895649e+02
1.106374153828620911e+04 2.240703463261895649e+02
1.106752362227439880e+04 2.240703463261895649e+02
1.107148856782913208e+04 2.240703463261895649e+02
1.108288117837905884e+04 2.240703463261895649e+02
1.109577438855171204e+04 2.240703463261895649e+02
1.110701951074600220e+04 2.240703463261895649e+02
1.111087843561172485e+04 2.240703463261895649e+02
1.111360011744499207e+04 2.240703463261895649e+02
1.111664497065544128e+04 2.240703463261895649e+02
1.112833438658714294e+04 2.240703463261895649e+02
1.113980532836914062e+04 2.240703463261895649e+02
1.115496232104301453e+04 2.241125955655472239e+02
1.115741308331489563e+04 2.241125955655472239e+02
1.115986138176918030e+04 2.241125955655472239e+02
1.116412845063209534e+04 2.241125955655472239e+02
1.117571776080131531e+04 2.241125955655472239e+02
1.119117103385925293e+04 2.241125955655472239e+02
1.120108974599838257e+04 2.241125955655472239e+02
1.120492023301124573e+04 2.241125955655472239e+02
1.120858909821510315e+04 2.241125955655472239e+02
1.121319809865951538e+04 2.241125955655472239e+02
1.122797473144531250e+04 2.241125955655472239e+02
1.123947722649574280e+04 2.241125955655472239e+02
1.125481692457199097e+04 2.241125955655472239e+02
1.125869233655929565e+04 2.241125955655472239e+02
1.126162412166595459e+04 2.241125955655472239e+02
1.126528942275047302e+04 2.241125955655472239e+02
1.127691925859451294e+04 2.241125955655472239e+02
1.128716510629653931e+04 2.241125955655472239e+02
1.129892294239997864e+04 2.241125955655472239e+02
1.130376695895195007e+04 2.241125955655472239e+02
1.130847586655616760e+04 2.241125955655472239e+02
1.131297934675216675e+04 2.241125955655472239e+02
1.132765991902351379e+04 2.241125955655472239e+02
1.133926853251457214e+04 2.241125955655472239e+02
1.135385581922531128e+04 2.241125955655472239e+02
1.135747845721244812e+04 2.241125955655472239e+02
1.136050001239776611e+04 2.241125955655472239e+02
1.136500912332534790e+04 2.241125955655472239e+02
1.137583272862434387e+04 2.241125955655472239e+02
1.138744554400444031e+04 2.241125955655472239e+02
1.139758341145515442e+04 2.241125955655472239e+02
1.140079532003402710e+04 2.241125955655472239e+02
1.140479218888282776e+04 2.241125955655472239e+02
1.140875121092796326e+04 2.241125955655472239e+02
1.142326123142242432e+04 2.241125955655472239e+02
1.143499737977981567e+04 2.246658175752190232e+02
1.144980423259735107e+04 2.246658175752190232e+02
1.145336362743377686e+04 2.246658175752190232e+02
1.145631406402587891e+04 2.246658175752190232e+02
1.146061438274383545e+04 2.246658175752190232e+02
1.147238792967796326e+04 2.246658175752190232e+02
1.148405128431320190e+04 2.246658175752190232e+02
1.149828040003776550e+04 2.246658175752190232e+02
1.150123357224464417e+04 2.246658175752190232e+02
1.150415130114555359e+04 2.246658175752190232e+02
1.150779573082923889e+04 2.246658175752190232e+02
1.151840359139442444e+04 2.246658175752190232e+02
1.153000575923919678e+04 2.246658175752190232e+02
1.154310135722160339e+04 2.246658175752190232e+02
1.154611383771896362e+04 2.246658175752190232e+02
1.154988897919654846e+04 2.246658175752190232e+02
1.155333144092559814e+04 2.246658175752190232e+02
1.156511133289337158e+04 2.246658175752190232e+02
1.157520652270317078e+04 2.246658175752190232e+02
1.158598603653907776e+04 2.246658175752190232e+02
1.159061853384971619e+04 2.246658175752190232e+02
1.159435806274414062e+04 2.246658175752190232e+02
1.159883417701721191e+04 2.246658175752190232e+02
1.161326508951187134e+04 2.246658175752190232e+02
1.162413992691040039e+04 2.246658175752190232e+02
1.163843371319770813e+04 2.246658175752190232e+02
1.164223784542083740e+04 2.246658175752190232e+02
1.164665623950958252e+04 2.246658175752190232e+02
1.165114679336547852e+04 2.246658175752190232e+02
1.166244336318969727e+04 2.246658175752190232e+02
1.167371884226799011e+04 2.246658175752190232e+02
1.168526081824302673e+04 2.246658175752190232e+02
1.168995501589775085e+04 2.246658175752190232e+02
1.169347844576835632e+04 2.246658175752190232e+02
1.169858724069595337e+04 2.246658175752190232e+02
1.171257767081260681e+04 2.246658175752190232e+02
1.172413983011245728e+04 2.246658175752190232e+02
1.173232895469665527e+04 2.246658175752190232e+02
1.173669541907310486e+04 2.246658175752190232e+02
1.173924798130989075e+04 2.246658175752190232e+02
1.174359366655349731e+04 2.246658175752190232e+02
1.175939928627014160e+04 2.246658175752190232e+02
1.177465726447105408e+04 2.246658175752190232e+02
1.178973531818389893e+04 2.246658175752190232e+02
1.179330138945579529e+04 2.246658175752190232e+02
1.179703219795227051e+04 2.246658175752190232e+02
1.180067004776000977e+04 2.246658175752190232e+02
1.181532626247406006e+04 2.246658175752190232e+02
1.182698313570022583e+04 2.246658175752190232e+02
1.184112541246414185e+04 2.246658175752190232e+02
1.184391531848907471e+04 2.246658175752190232e+02
1.184748409485816956e+04 2.246658175752190232e+02
1.185102851724624634e+04 2.246658175752190232e+02
1.186084951949119568e+04 2.246658175752190232e+02
1.187502166962623596e+04 2.246658175752190232e+02
1.188597010636329651e+04 2.246658175752190232e+02
1.188920643925666809e+04 2.246658175752190232e+02
1.189286550855636597e+04 2.246658175752190232e+02
1.189805731463432312e+04 2.246658175752190232e+02
1.191329525637626648e+04 2.246658175752190232e+02
1.192502678847312927e+04 2.246658175752190232e+02
1.193990095782279968e+04 2.246658175752190232e+02
1.194362672281265259e+04 2.246658175752190232e+02
1.194736908698081970e+04 2.246658175752190232e+02
1.195113798713684082e+04 2.246658175752190232e+02
1.196236672973632812e+04 2.246658175752190232e+02
1.197410941648483276e+04 2.247213134950070810e+02
1.198539514803886414e+04 2.247213134950070810e+02
1.198800217890739441e+04 2.247213134950070810e+02
1.199164655780792236e+04 2.247213134950070810e+02
1.199640947794914246e+04 2.247213134950070810e+02
1.200767789125442505e+04 2.247213134950070810e+02
1.201922843575477600e+04 2.247213134950070810e+02
1.203071943306922913e+04 2.247213134950070810e+02
1.203449130010604858e+04 2.247213134950070810e+02
1.203821853923797607e+04 2.247213134950070810e+02
1.204195051908493042e+04 2.247213134950070810e+02
1.205313095688819885e+04 2.247213134950070810e+02
1.206816918826103210e+04 2.247213134950070810e+02
1.207994988727569580e+04 2.247213134950070810e+02
1.208490860390663147e+04 2.247213134950070810e+02
1.208870688176155090e+04 2.247213134950070810e+02
1.209251529788970947e+04 2.247213134950070810e+02
1.210415693378448486e+04 2.247213134950070810e+02
1.211608587121963501e+04 2.247213134950070810e+02
1.213073145747184753e+04 2.247213134950070810e+02
1.213441587638854980e+04 2.247213134950070810e+02
1.213812970519065857e+04 2.247213134950070810e+02
1.214311967015266418e+04 2.247213134950070810e+02
1.215876704025268555e+04 2.247213134950070810e+02
1.217375899648666382e+04 2.247213134950070810e+02
1.218542165493965149e+04 2.247213134950070810e+02
1.218914290189743042e+04 2.247213134950070810e+02
1.219274161934852600e+04 2.247213134950070810e+02
1.219682506442070007e+04 2.247213134950070810e+02
1.221236940646171570e+04 2.247213134950070810e+02
1.222771699881553650e+04 2.247213134950070810e+02
1.224250805616378784e+04 2.247213134950070810e+02
1.224625257086753845e+04 2.247213134950070810e+02
1.225012439990043640e+04 2.247213134950070810e+02
1.225484825658798218e+04 2.247213134950070810e+02
1.226645872092247009e+04 2.247213134950070810e+02
1.228158054280281067e+04 2.247213134950070810e+02
1.229341353607177734e+04 2.247213134950070810e+02
1.229667196774482727e+04 2.247213134950070810e+02
1.230015730690956116e+04 2.247213134950070810e+02
1.230384415888786316e+04 2.247213134950070810e+02
1.231858783483505249e+04 2.247213134950070810e+02
1.232983537840843201e+04 2.247213134950070810e+02
1.234437865233421326e+04 2.247213134950070810e+02
1.234804777741432190e+04 2.247213134950070810e+02
1.235187265515327454e+04 2.247213134950070810e+02
1.235655135846138000e+04 2.247213134950070810e+02
1.236796249699592590e+04 2.247213134950070810e+02
1.237932142615318298e+04 2.247213134950070810e+02
1.239034555506706238e+04 2.247213134950070810e+02
1.239406079101562500e+04 2.247213134950070810e+02
1.239902823591232300e+04 2.247213134950070810e+02
1.240352249050140381e+04 2.247213134950070810e+02
1.241863126254081726e+04 2.247213134950070810e+02
1.243422431087493896e+04 2.247213134950070810e+02
1.244915039968490601e+04 2.247213134950070810e+02
1.245282072186470032e+04 2.247213134950070810e+02
1.245660669755935669e+04 2.247213134950070810e+02
1.246138728141784668e+04 2.247213134950070810e+02
1.247320893859863281e+04 2.247213134950070810e+02
1.248491989731788635e+04 2.247213134950070810e+02
1.249646203494071960e+04 2.247213134950070810e+02
1.249956823062896729e+04 2.247213134950070810e+02
1.250402793526649475e+04 2.247213134950070810e+02
1.250850919628143311e+04 2.247213134950070810e+02
1.251996594142913818e+04 2.247213134950070810e+02
1.253068769550323486e+04 2.247213134950070810e+02
1.254264633512496948e+04 2.247213134950070810e+02
1.254664291119575500e+04 2.247213134950070810e+02
1.255018389701843262e+04 2.247336787548136101e+02
1.255327387070655823e+04 2.247336787548136101e+02
1.256300365495681763e+04 2.247336787548136101e+02
1.257814236330986023e+04 2.247336787548136101e+02
1.258982177710533142e+04 2.247336787548136101e+02
1.259341880154609680e+04 2.247336787548136101e+02
1.259718658924102783e+04 2.247336787548136101e+02
1.260127256774902344e+04 2.247336787548136101e+02
1.261309729528427124e+04 2.247336787548136101e+02
1.262479100418090820e+04 2.247336787548136101e+02
1.263770196104049683e+04 2.247336787548136101e+02
1.264137508535385132e+04 2.247336787548136101e+02
1.264506597590446472e+04 2.247336787548136101e+02
1.264892859029769897e+04 2.247336787548136101e+02
1.266043455910682678e+04 2.247336787548136101e+02
1.267490690279006958e+04 2.247336787548136101e+02
1.268659777617454529e+04 2.247737237955982437e+02
1.269032340764999390e+04 2.247737237955982437e+02
1.269355104947090149e+04 2.247737237955982437e+02
1.269791069102287292e+04 2.247737237955982437e+02
1.271202170181274414e+04 2.247737237955982437e+02
1.272310147333145142e+04 2.247737237955982437e+02
1.273724195027351379e+04 2.247737237955982437e+02
1.274007705450057983e+04 2.247737237955982437e+02
1.274383454084396362e+04 2.247737237955982437e+02
1.274821440577507019e+04 2.247737237955982437e+02
1.275949471116065979e+04 2.247737237955982437e+02
1.277484564638137817e+04 2.247737237955982437e+02
1.278674061989784241e+04 2.247737237955982437e+02
1.278975119042396545e+04 2.247737237955982437e+02
1.279360511398315430e+04 2.247737237955982437e+02
1.279687766075134277e+04 2.247737237955982437e+02
1.281225156807899475e+04 2.247737237955982437e+02
1.282316043066978455e+04 2.247737237955982437e+02
1.283511561679840088e+04 2.247737237955982437e+02
1.283885120797157288e+04 2.247737237955982437e+02
1.284366333222389221e+04 2.247737237955982437e+02
1.284876389884948730e+04 2.247737237955982437e+02
1.286395119833946228e+04 2.247737237955982437e+02
1.287531331729888916e+04 2.247737237955982437e+02
1.288699256873130798e+04 2.247737237955982437e+02
1.289047889113426208e+04 2.247737237955982437e+02
1.289430342674255371e+04 2.247737237955982437e+02
1.289940557146072388e+04 2.247737237955982437e+02
1.291101316475868225e+04 2.247737237955982437e+02
1.292243635702133179e+04 2.247737237955982437e+02
1.293282744407653809e+04 2.247737237955982437e+02
1.293641428494453430e+04 2.247737237955982437e+02
1.294015555763244629e+04 2.247737237955982437e+02
1.294459160852432251e+04 2.247737237955982437e+02
1.295586528539657593e+04 2.247737237955982437e+02
1.296745188307762146e+04 2.247737237955982437e+02
1.297910816097259521e+04 2.251142400154927543e+02
1.298217416787147522e+04 2.251142400154927543e+02
1.298578181815147400e+04 2.251142400154927543e+02
1.298879420471191406e+04 2.251142400154927543e+02
1.300153733825683594e+04 2.251142400154927543e+02
1.301282523083686829e+04 2.251142400154927543e+02
1.302850185704231262e+04 2.252079138558560203e+02
1.303215192532539368e+04 2.252079138558560203e+02
1.303602191710472107e+04 2.252079138558560203e+02
1.304009160494804382e+04 2.252079138558560203e+02
1.305149796366691589e+04 2.252079138558560203e+02
1.306651540231704712e+04 2.252079138558560203e+02
1.307834134221076965e+04 2.252079138558560203e+02
1.308203638291358948e+04 2.252079138558560203e+02
1.308579355978965759e+04 2.252079138558560203e+02
1.309030399799346924e+04 2.252079138558560203e+02
1.310596010208129883e+04 2.252079138558560203e+02
1.311654864192008972e+04 2.252079138558560203e+02
1.313163160324096680e+04 2.252079138558560203e+02
1.313500584173202515e+04 2.252079138558560203e+02
1.313871997380256653e+04 2.252079138558560203e+02
1.314288110733032227e+04 2.252079138558560203e+02
1.315478201436996460e+04 2.252079138558560203e+02
1.316833947682380676e+04 2.252079138558560203e+02
1.318027201414108276e+04 2.252079138558560203e+02
1.318413048696517944e+04 2.252079138558560203e+02
1.318914149975776672e+04 2.252079138558560203e+02
1.319388580203056335e+04 2.252079138558560203e+02
1.320881160497665405e+04 2.252079138558560203e+02
1.322009145379066467e+04 2.252079138558560203e+02
1.322988837122917175e+04 2.252079138558560203e+02
1.323359664368629456e+04 2.252079138558560203e+02
1.323643880987167358e+04 2.252079138558560203e+02
1.324053496122360229e+04 2.252079138558560203e+02
1.325030581140518188e+04 2.252079138558560203e+02
1.326509157681465149e+04 2.252079138558560203e+02
1.328084893870353699e+04 2.252079138558560203e+02
1.328506987571716309e+04 2.252079138558560203e+02
1.328976390886306763e+04 2.252079138558560203e+02
1.329333920001983643e+04 2.252079138558560203e+02
1.330820588374137878e+04 2.252079138558560203e+02
1.331986059856414795e+04 2.252079138558560203e+02
1.333309313154220581e+04 2.252079138558560203e+02
1.333674009418487549e+04 2.252079138558560203e+02
1.334032199335098267e+04 2.252079138558560203e+02
1.334394557905197144e+04 2.252079138558560203e+02
1.335553303217887878e+04 2.252079138558560203e+02
1.336992211723327637e+04 2.252079138558560203e+02
1.338178501939773560e+04 2.252079138558560203e+02
1.338515348815917969e+04 2.252079138558560203e+02
1.338883448553085327e+04 2.252079138558560203e+02
1.339311838269233704e+04 2.252079138558560203e+02
1.340766229844093323e+04 2.252079138558560203e+02
1.341882955026626587e+04 2.252079138558560203e+02
1.343341150498390198e+04 2.252079138558560203e+02
1.343698374772071838e+04 2.252079138558560203e+02
1.344069019603729248e+04 2.252079138558560203e+02
1.344441948962211609e+04 2.252079138558560203e+02
1.345629061746597290e+04 2.252079138558560203e+02
1.346760380840301514e+04 2.252079138558560203e+02
1.347872098255157471e+04 2.252079138558560203e+02
1.348178792810440063e+04 2.252079138558560203e+02
1.348488532018661499e+04 2.252079138558560203e+02
1.348960988855361938e+04 2.252079138558560203e+02
1.350477294230461121e+04 2.252079138558560203e+02
1.351660033607482910e+04 2.252079138558560203e+02
1.352836649537086487e+04 2.252079138558560203e+02
1.353186312985420227e+04 2.252079138558560203e+02
1.353526256299018860e+04 2.252079138558560203e+02
1.353841382336616516e+04 2.252079138558560203e+02
1.354960780429840088e+04 2.252079138558560203e+02
1.356499781990051270e+04 2.256344091932319316e+02
1.357698542284965515e+04 2.263076803164933608e+02
1.358062115621566772e+04 2.263076803164933608e+02
1.358417682909965515e+04 2.263076803164933608e+02
1.358827915334701538e+04 2.263076803164933608e+02
1.359976585054397583e+04 2.263076803164933608e+02
1.361157593417167664e+04 2.263076803164933608e+02
1.362492290878295898e+04 2.263076803164933608e+02
1.362781306886672974e+04 2.263076803164933608e+02
1.363143099117279053e+04 2.263076803164933608e+02
1.363489215183258057e+04 2.263076803164933608e+02
1.364668745207786560e+04 2.263076803164933608e+02
1.365769687914848328e+04 2.263076803164933608e+02
1.366926593160629272e+04 2.263076803164933608e+02
1.367263932871818542e+04 2.263076803164933608e+02
1.367639745116233826e+04 2.263076803164933608e+02
1.368141377830505371e+04 2.263076803164933608e+02
1.369725047683715820e+04 2.263076803164933608e+02
1.370898046088218689e+04 2.263076803164933608e+02
1.372066157698631287e+04 2.263076803164933608e+02
1.372376800894737244e+04 2.263076803164933608e+02
1.372749446153640747e+04 2.263076803164933608e+02
1.373205273652076721e+04 2.263076803164933608e+02
1.374398046422004700e+04 2.263076803164933608e+02
1.375507284426689148e+04 2.263076803164933608e+02
1.376674535727500916e+04 2.263076803164933608e+02
1.377060217642784119e+04 2.263076803164933608e+02
1.377341126918792725e+04 2.263076803164933608e+02
1.377725988602638245e+04 2.263076803164933608e+02
1.378843636465072632e+04 2.263076803164933608e+02
1.380002544236183167e+04 2.268105939850319714e+02
1.381478447055816650e+04 2.268105939850319714e+02
1.381788779926300049e+04 2.268105939850319714e+02
1.382090335845947266e+04 2.268105939850319714e+02
1.382461375856399536e+04 2.268105939850319714e+02
1.383872675824165344e+04 2.268105939850319714e+02
1.385363606381416321e+04 2.268105939850319714e+02
1.386548492074012756e+04 2.268105939850319714e+02
1.386937007498741150e+04 2.268105939850319714e+02
1.387301534223556519e+04 2.268105939850319714e+02
1.387666602349281311e+04 2.268105939850319714e+02
1.389071218109130859e+04 2.268105939850319714e+02
1.390246487879753113e+04 2.268105939850319714e+02
1.391382096314430237e+04 2.268105939850319714e+02
1.391749665951728821e+04 2.268105939850319714e+02
1.392118640327453613e+04 2.268105939850319714e+02
1.392606827306747437e+04 2.268105939850319714e+02
1.393734369349479675e+04 2.272300115816806283e+02
1.394823233723640442e+04 2.272300115816806283e+02
1.395991086173057556e+04 2.272300115816806283e+02
1.396357414436340332e+04 2.272300115816806283e+02
1.396733539199829102e+04 2.272300115816806283e+02
1.397062033176422119e+04 2.272300115816806283e+02
1.398220023512840271e+04 2.272300115816806283e+02
1.399232498192787170e+04 2.272300115816806283e+02
1.400680416941642761e+04 2.272300115816806283e+02
1.401036791276931763e+04 2.272300115816806283e+02
1.401383918237686157e+04 2.272300115816806283e+02
1.401839683341979980e+04 2.272300115816806283e+02
1.402956806778907776e+04 2.272300115816806283e+02
1.404428967261314392e+04 2.272300115816806283e+02
1.405545824480056763e+04 2.272300115816806283e+02
1.405884155344963074e+04 2.272300115816806283e+02
1.406169335031509399e+04 2.272300115816806283e+02
1.406517973423004150e+04 2.272300115816806283e+02
1.407875646567344666e+04 2.272300115816806283e+02
1.408994440126419067e+04 2.272300115816806283e+02
1.410424642825126648e+04 2.272300115816806283e+02
1.410789696526527405e+04 2.272300115816806283e+02
1.411274493837356567e+04 2.272300115816806283e+02
1.411634596419334412e+04 2.272300115816806283e+02
1.412806300830841064e+04 2.272300115816806283e+02
1.413970997619628906e+04 2.272300115816806283e+02
1.415127536845207214e+04 2.272300115816806283e+02
1.415493914031982422e+04 2.272300115816806283e+02
1.415872637939453125e+04 2.272300115816806283e+02
1.416328507637977600e+04 2.272300115816806283e+02
1.417491657686233521e+04 2.272300115816806283e+02
1.418686990594863892e+04 2.272300115816806283e+02
1.419851754307746887e+04 2.272300115816806283e+02
1.420150746536254883e+04 2.272300115816806283e+02
1.420525279474258423e+04 2.272300115816806283e+02
1.420896314930915833e+04 2.272300115816806283e+02
1.422091057896614075e+04 2.272300115816806283e+02
1.423624609208106995e+04 2.272300115816806283e+02
1.424811787724494934e+04 2.272300115816806283e+02
1.425279673027992249e+04 2.272300115816806283e+02
1.425755486035346985e+04 2.272300115816806283e+02
1.426111536526679993e+04 2.272300115816806283e+02
1.427281977629661560e+04 2.272300115816806283e+02
1.428469872784614563e+04 2.272300115816806283e+02
1.429946889090538025e+04 2.272300115816806283e+02
1.430302113008499146e+04 2.272300115816806283e+02
1.430649722576141357e+04 2.272300115816806283e+02
1.431134917068481445e+04 2.272300115816806283e+02
1.432308287096023560e+04 2.272300115816806283e+02
1.433763166069984436e+04 2.272300115816806283e+02
1.434893783283233643e+04 2.272300115816806283e+02
1.435197749996185303e+04 2.272300115816806283e+02
