-2.323529411764705799e+01 4.149126699742613944e+00
-3.117647058823529349e+01 4.369197297420315707e+00
-4.147058823529412308e+01 4.841215516151544662e+00
-3.735294117647058698e+01 4.369475614018332621e+00
-4.882352941176470296e+01 4.955937770392804254e+00
-2.970588235294117752e+01 4.283278608610213922e+00
-4.558823529411764497e+01 4.902133486595106504e+00
-5.235294117647059409e+01 5.850780361847979449e+00
-5.000000000000000000e+01 5.209737466462577515e+00
-5.029411764705882604e+01 5.227917540996908308e+00
-4.029411764705882604e+01 4.392784858225435407e+00
-2.852941176470588047e+01 4.214075208502808145e+00
-5.470588235294118107e+01 6.035690636763147765e+00
