-4.882352941176470296e+01 4.955937770392804254e+00
-5.205882352941176805e+01 5.221969466703427543e+00
-3.823529411764705799e+01 3.997866726239144963e+00
-4.970588235294117396e+01 5.145398428849285111e+00
-4.764705882352940591e+01 4.921379500258832529e+00
-5.352941176470588402e+01 5.253151354312237231e+00
-3.294117647058823195e+01 3.614580866997485931e+00
-3.088235294117647101e+01 3.592842683131100223e+00
-3.970588235294117396e+01 4.093911741049378605e+00
-4.205882352941176805e+01 4.209354134940159753e+00
-5.029411764705882604e+01 5.146611694398230519e+00
-3.588235294117647101e+01 3.648555155662670746e+00
-3.735294117647058698e+01 3.695744275197323514e+00
-4.411764705882352899e+01 4.679918245254395259e+00
-5.500000000000000711e+01 5.388593146946604406e+00
-4.705882352941176094e+01 4.683614313904131521e+00
-5.617647058823529704e+01 5.780496610655681877e+00
