-5.205882352941176805e+01 5.221969466703427543e+00
-5.352941176470588402e+01 5.253151354312237231e+00
-3.294117647058823195e+01 3.614580866997485931e+00
-4.205882352941176805e+01 4.209354134940159753e+00
-3.588235294117647101e+01 3.648555155662670746e+00
-3.735294117647058698e+01 3.695744275197323514e+00
-4.411764705882352899e+01 4.679918245254395259e+00
-5.500000000000000711e+01 5.388593146946604406e+00
-4.705882352941176094e+01 4.683614313904131521e+00
-5.617647058823529704e+01 5.780496610655681877e+00
-4.029411764705882604e+01 4.115011071300452627e+00
-3.764705882352941302e+01 3.861713587571434125e+00
-3.970588235294117396e+01 3.901076715726254918e+00
-5.558823529411765207e+01 5.621251082038108748e+00
-5.117647058823528994e+01 4.814220951081345845e+00
-3.205882352941176805e+01 3.572639297042813133e+00
-2.647058823529411953e+01 3.553640336231354002e+00
-4.352941176470588402e+01 4.394714279533341816e+00
