-3.735294117647058698e+01 4.369475614018332621e+00
-4.882352941176470296e+01 4.955937770392804254e+00
-4.558823529411764497e+01 4.902133486595106504e+00
-5.000000000000000000e+01 5.209737466462577515e+00
-5.029411764705882604e+01 5.227917540996908308e+00
-5.470588235294118107e+01 6.035690636763147765e+00
-5.323529411764705799e+01 5.507700738819774067e+00
-3.558823529411764497e+01 4.322074505773784381e+00
-3.382352941176471006e+01 4.227501064971430189e+00
-3.588235294117647101e+01 4.345981121826304694e+00
-5.176470588235294912e+01 5.491057581245112118e+00
-3.647058823529411598e+01 4.354434998031901038e+00
-4.147058823529412308e+01 4.600308428648938630e+00
-4.058823529411764497e+01 4.392784858225435407e+00
-4.911764705882352899e+01 5.160654574594794042e+00
-4.205882352941176805e+01 4.721851817668049733e+00
-5.382352941176470296e+01 5.927044263103213417e+00
-3.500000000000000000e+01 4.259999795081887086e+00
-3.205882352941176805e+01 3.763502865467597047e+00
-3.323529411764705799e+01 3.846646328577117302e+00
-2.235294117647059053e+01 3.725666660314178813e+00
-2.500000000000000000e+01 3.739967696759509241e+00
