-4.941176470588235503e+01 5.550433829715041512e+00
-4.882352941176470296e+01 5.384383883585319275e+00
-3.411764705882352899e+01 4.369475614018332621e+00
-4.588235294117647101e+01 5.116770407937753617e+00
-2.323529411764705799e+01 4.149126699742613944e+00
-3.441176470588235503e+01 4.397557661270420581e+00
-4.764705882352940591e+01 5.360239245355377768e+00
-5.088235294117646390e+01 5.924664293198844689e+00
-4.264705882352941302e+01 5.045409046641492701e+00
-3.588235294117647101e+01 4.456107809306932843e+00
-2.441176470588235148e+01 4.276783384700268975e+00
-3.117647058823529349e+01 4.369197297420315707e+00
