-4.882352941176470296e+01 4.955937770392804254e+00
-4.558823529411764497e+01 4.902133486595106504e+00
-5.000000000000000000e+01 5.209737466462577515e+00
-5.470588235294118107e+01 6.035690636763147765e+00
-5.323529411764705799e+01 5.507700738819774067e+00
-4.147058823529412308e+01 4.600308428648938630e+00
-4.058823529411764497e+01 4.392784858225435407e+00
-4.205882352941176805e+01 4.721851817668049733e+00
-3.205882352941176805e+01 3.763502865467597047e+00
-3.323529411764705799e+01 3.846646328577117302e+00
-2.235294117647059053e+01 3.725666660314178813e+00
-2.500000000000000000e+01 3.739967696759509241e+00
-5.264705882352941302e+01 5.507414609415761220e+00
-3.882352941176471006e+01 4.345216846431345203e+00
-3.529411764705882604e+01 3.884512159190394165e+00
-3.852941176470588402e+01 4.232614983134781461e+00
-5.411764705882352899e+01 5.673023673326977878e+00
-3.558823529411764497e+01 3.953518081444992838e+00
-5.205882352941176805e+01 5.221969466703427543e+00
-3.823529411764705799e+01 3.997866726239144963e+00
-4.970588235294117396e+01 5.145882900336614441e+00
