-4.882352941176470296e+01 4.955937770392804254e+00
-4.558823529411764497e+01 4.902133486595106504e+00
-5.000000000000000000e+01 5.209737466462577515e+00
-4.147058823529412308e+01 4.600308428648938630e+00
-4.058823529411764497e+01 4.392784858225435407e+00
-3.205882352941176805e+01 3.763502865467597047e+00
-3.323529411764705799e+01 3.846646328577117302e+00
-3.529411764705882604e+01 3.884512159190394165e+00
-5.411764705882352899e+01 5.673023673326977878e+00
-3.558823529411764497e+01 3.953518081444992838e+00
-5.205882352941176805e+01 5.221969466703427543e+00
-3.823529411764705799e+01 3.997866726239144963e+00
-4.970588235294117396e+01 5.145398428849285111e+00
-3.970588235294117396e+01 4.370420558548513412e+00
-4.764705882352940591e+01 4.921379500258832529e+00
-5.470588235294118107e+01 5.683897674112613707e+00
-4.588235294117647101e+01 4.919140877401155798e+00
-3.882352941176471006e+01 4.199069196251741687e+00
-2.617647058823529704e+01 3.638788667157398127e+00
-2.911764705882353255e+01 3.677150521273432560e+00
-4.205882352941176805e+01 4.718924981914268457e+00
-5.352941176470588402e+01 5.253151354312237231e+00
-4.470588235294118107e+01 4.783217309208568579e+00
