-2.441176470588235148e+01 3.850891184135924128e+00
-3.088235294117647101e+01 4.156700552582017316e+00
-3.705882352941176805e+01 4.463937759305198760e+00
-3.647058823529411598e+01 4.249565211825347077e+00
-3.794117647058823195e+01 4.469291705846856644e+00
-4.147058823529412308e+01 4.501675331410370795e+00
-2.823529411764705799e+01 3.952017090047426073e+00
-5.029411764705882604e+01 5.721428894669146281e+00
-4.705882352941176094e+01 5.004037484622558374e+00
-3.029411764705882248e+01 4.003848122034297852e+00
