-2.558823529411764497e+01 3.551083865185780120e+00
-3.617647058823528994e+01 3.844042042041016405e+00
-5.088235294117646390e+01 4.755935805006940242e+00
-3.352941176470587692e+01 3.672374978746079321e+00
-3.235294117647058698e+01 3.662190990859007123e+00
-4.500000000000000000e+01 4.398842403029270542e+00
-4.970588235294117396e+01 4.575037663956988077e+00
-2.647058823529411953e+01 3.580582876814367044e+00
-3.382352941176471006e+01 3.680607428991788055e+00
-3.735294117647058698e+01 4.076749640624000470e+00
-3.676470588235294201e+01 3.928549467001663853e+00
-4.323529411764705799e+01 4.371621927176021494e+00
-3.029411764705882248e+01 3.633872262658332630e+00
-5.382352941176470296e+01 4.783789276210645092e+00
-3.911764705882352899e+01 4.175859573543703185e+00
-4.764705882352940591e+01 4.458380972856778257e+00
-5.058823529411764497e+01 4.730548113293997048e+00
-4.088235294117647101e+01 4.304124152732909714e+00
-3.529411764705882604e+01 3.751510050270041141e+00
-3.647058823529411598e+01 3.868585666558765457e+00
