-2.558823529411764497e+01 3.551083865185780120e+00
-3.617647058823528994e+01 3.844042042041016405e+00
-5.088235294117646390e+01 4.755935805006940242e+00
-2.941176470588235503e+01 3.651762447380110910e+00
-3.352941176470587692e+01 3.672374978746079321e+00
-3.852941176470588402e+01 4.178804345655379393e+00
-3.235294117647058698e+01 3.662190990859007123e+00
-4.500000000000000000e+01 4.398842403029270542e+00
-4.970588235294117396e+01 4.575037663956988077e+00
-2.647058823529411953e+01 3.580582876814367044e+00
-5.176470588235294912e+01 5.546658624362732937e+00
-4.588235294117647101e+01 4.472580941340726923e+00
-3.382352941176471006e+01 3.680607428991788055e+00
-4.647058823529411598e+01 4.477063344928003730e+00
-3.735294117647058698e+01 4.076749640624000470e+00
-3.647058823529411598e+01 4.068816429922219591e+00
