-2.558823529411764497e+01 3.551083865185780120e+00
-3.352941176470587692e+01 3.672374978746079321e+00
-3.235294117647058698e+01 3.662190990859007123e+00
-4.500000000000000000e+01 4.398842403029270542e+00
-4.970588235294117396e+01 4.575037663956988077e+00
-2.647058823529411953e+01 3.580582876814367044e+00
-3.029411764705882248e+01 3.633872262658332630e+00
-5.382352941176470296e+01 4.783789276210645092e+00
-4.764705882352940591e+01 4.458380972856778257e+00
-4.647058823529411598e+01 4.457351946110693852e+00
-3.735294117647058698e+01 3.727297202803587339e+00
-5.176470588235294912e+01 4.666293287362715425e+00
-3.470588235294117396e+01 3.684396478419020404e+00
-5.029411764705882604e+01 4.583368829892704888e+00
-4.617647058823529704e+01 4.426006731377011505e+00
-4.147058823529412308e+01 3.920384242178357681e+00
-4.794117647058823906e+01 4.466526572721178923e+00
-4.352941176470588402e+01 4.329824844312918586e+00
-3.382352941176471006e+01 3.674401812845281778e+00
-4.441176470588234793e+01 4.358943219632334554e+00
-4.411764705882352899e+01 4.334292871548460546e+00
