-5.176470588235294912e+01 5.676168481678118383e+00
-2.558823529411764497e+01 3.551083865185780120e+00
-4.382352941176470296e+01 4.408579125408667920e+00
-3.617647058823528994e+01 3.844042042041016405e+00
-4.764705882352940591e+01 4.623404367879249577e+00
-4.441176470588234793e+01 4.569373909615046081e+00
-4.735294117647058698e+01 4.600482813465958998e+00
-5.088235294117646390e+01 4.755935805006940242e+00
-2.941176470588235503e+01 3.651762447380110910e+00
-4.500000000000000000e+01 4.585336627641131813e+00
-3.352941176470587692e+01 3.672374978746079321e+00
-3.852941176470588402e+01 4.178804345655379393e+00
-3.235294117647058698e+01 3.662190990859007123e+00
-4.411764705882352899e+01 4.498200242769981649e+00
-4.941176470588235503e+01 4.710489699751429171e+00
