5.283294442799254753e+00 -9.775000000000000355e+00
5.005918014911205027e+00 -8.577500000000000568e+01
5.514279389991278535e+00 -9.101666666666666572e+01
5.514279389991278535e+00 -9.077499999999999147e+01
4.006637159068586307e+00 -7.837500000000000000e+01
5.614072116516354960e+00 -9.155833333333333712e+01
5.423293397902431145e+00 -9.209166666666666856e+01
4.419162395584885772e+00 -8.279999999999999716e+01
6.362663581513916533e+00 -9.160000000000000853e+01
5.623933282314862225e+00 -9.187500000000000000e+01
6.372155561766666310e+00 -9.170000000000000284e+01
6.144709300435081012e+00 -9.081666666666666288e+01
5.815244927349135118e+00 -9.120833333333334281e+01
4.417039675088719086e+00 -8.795833333333334281e+01
4.889430570779496499e+00 -8.989166666666666572e+01
4.895748420878170748e+00 -9.045000000000000284e+01
5.270229172686159202e+00 -9.140833333333333144e+01
5.231155990019763280e+00 -9.041666666666667140e+01
5.730503688942217622e+00 -9.204166666666667140e+01
4.426364845287927174e+00 -9.000833333333333997e+01
5.031141745754722727e+00 -9.065833333333333144e+01
5.539137598569956467e+00 -9.067499999999999716e+01
5.591547630125378809e+00 -9.126666666666666572e+01
5.810020697366197417e+00 -9.140000000000000568e+01
5.195747484375029757e+00 -9.161666666666667425e+01
4.540054042264075385e+00 -8.995000000000000284e+01
5.468559994000134594e+00 -9.092499999999999716e+01
4.546826342771513652e+00 -8.998333333333333428e+01
5.424904493633882829e+00 -9.023333333333333428e+01
4.043519460245756036e+00 -6.117500000000000426e+01
5.419423700960042112e+00 -9.075833333333332575e+01
4.261643453311889651e+00 -8.963333333333332575e+01
5.132080297832667171e+00 -9.067499999999999716e+01
6.144571094376365394e+00 -1.002500000000000036e+01
5.088284964145728395e+00 -9.171666666666666856e+01
3.699490845272204620e+00 -7.965833333333333144e+01
5.573359038937999443e+00 -9.202500000000000568e+01
4.160438516641544737e+00 -8.961666666666666003e+01
4.382863182111264244e+00 -8.638333333333333997e+01
5.623206892914756061e+00 -9.098333333333333428e+01
5.322545926769368663e+00 -9.195833333333332860e+01
4.973317238617223524e+00 -9.101666666666666572e+01
5.423421195184007892e+00 -9.183333333333332860e+01
5.943853970854274138e+00 -9.060833333333333428e+01
4.265454635843183517e+00 -8.671666666666666856e+01
3.287801729930226013e+00 -7.120000000000000284e+01
5.107457582617902503e+00 -9.733333333333332504e+00
4.940312238818672874e+00 -8.999166666666667425e+01
5.406538477315000257e+00 -9.168333333333332291e+01
4.416490724794321920e+00 -8.935833333333333428e+01
4.574054429482445450e+00 -8.928333333333333144e+01
5.596177991703058296e+00 -9.099166666666667425e+01
3.361350024352266264e+00 -6.260833333333333428e+01
4.879084405253863110e+00 -8.804166666666665719e+01
5.295556105026292038e+00 -9.138333333333333997e+01
4.142577160920534851e+00 -8.976666666666666572e+01
5.942381633721632639e+00 -9.800000000000000711e+00
5.918341260033702866e+00 -1.003333333333333321e+01
4.856396549116468897e+00 -9.045000000000000284e+01
3.473048805088537527e+00 -7.893333333333333712e+01
5.404140686536917926e+00 -9.141666666666667140e+01
4.137480709384135480e+00 -8.828333333333333144e+01
4.965869332951248438e+00 -9.733333333333332504e+00
5.094369793087357934e+00 -8.806666666666667709e+01
5.115314225121501579e+00 -9.775000000000000355e+00
4.546258798765529185e+00 -8.999166666666667425e+01
4.913644338532265898e+00 -9.055833333333332291e+01
4.357915798579130140e+00 -9.007500000000000284e+01
5.007798968832211983e+00 -9.108333333333334281e+01
5.009119311620445991e+00 -8.877500000000000568e+01
4.546258798765529185e+00 -9.002500000000000568e+01
4.970132931183973035e+00 -8.896666666666666856e+01
4.370068760650052120e+00 -9.021666666666666856e+01
5.603602252274334283e+00 -9.182500000000000284e+01
4.475990618602006421e+00 -8.957500000000000284e+01
4.506180204804161704e+00 -9.095000000000000284e+01
3.093771781498730000e+00 -7.464166666666666572e+01
4.656299483929456251e+00 -8.969166666666666288e+01
5.409552737891461405e+00 -9.150000000000000000e+01
5.924832142466898155e+00 -9.065833333333333144e+01
5.026529178949217247e+00 -9.157499999999998863e+01
5.899061191114451930e+00 -9.733333333333332504e+00
4.506180204804161704e+00 -9.038333333333333997e+01
4.968053111262406674e+00 -9.129166666666667140e+01
5.423293397902431145e+00 -9.134166666666666856e+01
4.121527016455378778e+00 -9.047500000000000853e+01
4.800359600295649010e+00 -9.034999999999999432e+01
4.500401157055471835e+00 -9.095833333333332860e+01
4.278547833775853348e+00 -8.810833333333333428e+01
4.500401157055471835e+00 -9.079166666666667140e+01
4.306832322684375214e+00 -8.758333333333332860e+01
4.920994173490703005e+00 -9.134166666666666856e+01
5.827142372476940224e+00 -9.089166666666666572e+01
2.991226075692495101e+00 -7.438333333333333997e+01
4.683749270394761410e+00 -9.009166666666666856e+01
4.087887849492933157e+00 -8.829166666666667140e+01
5.280498696881728016e+00 -9.113333333333332575e+01
4.152471810336035851e+00 -8.813333333333332575e+01
5.031537723371415360e+00 -9.088333333333333997e+01
4.333709182897272250e+00 -9.058333333333334281e+01
4.848047409150085585e+00 -8.892499999999999716e+01
5.151149122304086170e+00 -9.128333333333333144e+01
4.269863040554411349e+00 -9.114166666666666572e+01
5.695955989179410928e+00 -9.154166666666667140e+01
5.879270824202456502e+00 -9.101666666666666572e+01
5.043295458345345317e+00 -8.832500000000000284e+01
2.935003151453654979e+00 -7.715833333333333144e+01
2.916453948549925013e+00 -7.883333333333332860e+01
5.423208178817623626e+00 -9.111666666666667425e+01
4.174699288370775641e+00 -8.803333333333333144e+01
5.156609718165698908e+00 -9.170833333333334281e+01
3.055378331375000034e+00 -9.800000000000000711e+00
2.860338006570993574e+00 -7.255833333333333712e+01
2.935003151453654979e+00 -7.853333333333333144e+01
5.423250790450283354e+00 -8.819166666666666288e+01
4.111262513659065476e+00 -8.984166666666666856e+01
4.358030076576957512e+00 -8.838333333333333997e+01
4.590618948206578231e+00 -8.984999999999999432e+01
2.951823035315912058e+00 -7.515833333333333144e+01
3.005609445360280407e+00 -7.725833333333332575e+01
4.437020842585606140e+00 -9.040000000000000568e+01
4.273672461942605416e+00 -8.769166666666666288e+01
5.080247576487501249e+00 -9.116666666666665719e+01
4.310438394815848007e+00 -9.035833333333333428e+01
4.536571067227622933e+00 -9.055833333333332291e+01
4.362840469311724867e+00 -7.920833333333334281e+01
5.426633237065953352e+00 -9.096666666666666856e+01
4.928088459664970777e+00 -9.096666666666666856e+01
5.729153446032037245e+00 -9.190833333333333144e+01
4.518316488416471266e+00 -8.981666666666666288e+01
4.363762358869375468e+00 -9.084999999999999432e+01
4.093981703914113091e+00 -9.983333333333332504e+00
5.941154011303646065e+00 -9.235833333333333428e+01
4.206502057588685339e+00 -8.910833333333333428e+01
4.503777068596705568e+00 -8.295000000000000284e+01
4.358905210313047007e+00 -9.109166666666666856e+01
4.660988731871827717e+00 -9.044166666666666288e+01
4.346998067986429071e+00 -9.054999999999999716e+01
4.551632948680587987e+00 -9.127499999999999147e+01
4.465412596627150066e+00 -9.053333333333333144e+01
