2.675847268104553223e+02 2.655579682163728705e+01
2.826676118373870850e+02 2.568173822709914020e+02
3.993788383007049561e+02 2.698467011351204405e+02
7.619861629009246826e+02 2.698467011351204405e+02
1.066389100074768066e+03 3.481653382117856950e+02
1.431051713943481445e+03 3.494577158153393270e+02
1.776859783411026001e+03 3.514122160509062951e+02
2.486861146926879883e+03 3.540086096664252864e+02
2.581827633857727051e+03 3.540086096664252864e+02
3.076287976741790771e+03 3.540086096664252864e+02
3.613720879793167114e+03 3.540086096664252864e+02
3.916482613325119019e+03 3.540086096664252864e+02
4.111760967016220093e+03 3.540086096664252864e+02
4.826465123891830444e+03 3.579669030604026148e+02
4.915658268213272095e+03 3.589990378595069842e+02
5.419833305120468140e+03 3.592935838050121902e+02
5.801937631368637085e+03 3.594402703541777555e+02
6.192866965293884277e+03 3.594402703541777555e+02
6.318542096853256226e+03 3.594402703541777555e+02
7.030483402490615845e+03 3.603902921739469889e+02
7.117022694110870361e+03 3.604401020545577126e+02
8.206837384462356567e+03 3.604401020545577126e+02
8.697389217615127563e+03 3.604401020545577126e+02
9.199290996789932251e+03 3.604401020545577126e+02
9.516485103607177734e+03 3.605433687194425829e+02
1.023258766579627991e+04 3.605433687194425829e+02
1.028431209707260132e+04 3.605433687194425829e+02
1.073734622979164124e+04 3.605433687194425829e+02
1.107849524545669556e+04 3.605433687194425829e+02
1.140435690021514893e+04 3.605433687194425829e+02
1.166531940698623657e+04 3.605433687194425829e+02
1.237819876289367676e+04 3.623084908430304267e+02
1.246654171824455261e+04 3.623095519628061538e+02
1.273070200777053833e+04 3.623095519628061538e+02
1.333264919614791870e+04 3.624449766016258536e+02
1.363789043211936951e+04 3.872389981257347813e+02
1.377335986399650574e+04 3.872389981257347813e+02
1.448250738191604614e+04 3.882468306200769916e+02
1.590953596735000610e+04 3.882468306200769916e+02
1.724568452739715576e+04 3.882468306200769916e+02
1.764459590411186218e+04 3.882711779256007958e+02
1.799859810113906860e+04 3.883244214662354921e+02
1.835067980980873108e+04 3.883244214662354921e+02
1.845847763395309448e+04 3.883244214662354921e+02
2.002673496508598328e+04 3.883244214662354921e+02
2.035290032386779785e+04 4.176366864785844086e+02
2.075121035528182983e+04 4.176366864785844086e+02
2.114599755644798279e+04 4.176366864785844086e+02
2.134055098748207092e+04 4.176366864785844086e+02
2.205170603227615356e+04 4.176366864785844086e+02
2.213677579712867737e+04 4.176366864785844086e+02
2.263963897109031677e+04 4.176366864785844086e+02
2.296299073100090027e+04 4.176366864785844086e+02
2.327836853814125061e+04 4.176366864785844086e+02
2.362225680804252625e+04 4.176366864785844086e+02
2.447229198575019836e+04 4.178543786087616354e+02
2.455822284436225891e+04 4.178543786087616354e+02
2.500989798498153687e+04 4.178543786087616354e+02
2.545937545776367188e+04 4.178717590187897031e+02
2.578164894938468933e+04 4.196229107962100784e+02
2.612417572617530823e+04 4.196229107962100784e+02
2.782089029192924500e+04 4.196668676907115128e+02
2.896464742350578308e+04 4.196668676907115128e+02
2.941489209675788879e+04 4.196668676907115128e+02
2.987412157607078552e+04 4.196668676907115128e+02
3.026237163329124451e+04 4.196668676907115128e+02
3.060812560939788818e+04 4.196733322548873844e+02
3.146330194830894470e+04 4.197231061578778508e+02
3.154894051504135132e+04 4.197284718908987315e+02
3.248235203146934509e+04 4.197284718908987315e+02
3.286947906613349915e+04 4.197284718908987315e+02
3.326292378711700439e+04 4.197284718908987315e+02
3.352255112981796265e+04 4.197973683275981784e+02
3.364914971256256104e+04 4.197973683275981784e+02
3.373479624414443970e+04 4.197973683275981784e+02
3.433380426740646362e+04 4.201061894273350390e+02
3.465745816469192505e+04 4.352264668451791749e+02
3.504260633778572083e+04 4.352264668451791749e+02
3.590155830693244934e+04 4.352264668451791749e+02
3.599783590960502625e+04 4.352264668451791749e+02
3.608331408190727234e+04 4.352568301062340765e+02
3.649628967452049255e+04 4.352568301062340765e+02
3.709460947871208191e+04 4.352568301062340765e+02
3.755363382506370544e+04 4.352720132859971613e+02
3.841367124986648560e+04 4.352720132859971613e+02
3.927097032690048218e+04 4.356483036303701510e+02
3.965223082947731018e+04 4.356483036303701510e+02
4.025083673429489136e+04 4.356549457776691838e+02
4.064736238455772400e+04 4.356549457776691838e+02
4.124718693852424622e+04 4.356549457776691838e+02
4.295609433412551880e+04 4.356549457776691838e+02
4.381698616027832031e+04 4.356759088405326565e+02
4.390325966191291809e+04 4.356759088405326565e+02
4.408191305589675903e+04 4.433036002574197596e+02
4.429319853615760803e+04 4.433036002574197596e+02
4.462108277320861816e+04 4.435940183988622039e+02
4.519519610261917114e+04 4.435940183988622039e+02
4.583681406331062317e+04 4.435940183988622039e+02
4.592285884070396423e+04 4.435940183988622039e+02
4.858116028738021851e+04 4.436120766960626725e+02
4.887836342573165894e+04 4.436120766960626725e+02
4.900889553117752075e+04 4.436120766960626725e+02
4.935318369817733765e+04 4.438248191962093756e+02
4.942788969516754150e+04 4.438248191962093756e+02
4.951394443416595459e+04 4.438248191962093756e+02
4.968936312603950500e+04 4.438248191962093756e+02
5.110385271167755127e+04 4.494019645019178597e+02
5.128007941198348999e+04 4.517654864673336874e+02
5.213520566701889038e+04 4.517654864673336874e+02
5.277502856302261353e+04 4.517654864673336874e+02
5.363743023514747620e+04 4.517654864673336874e+02
5.376595943927764893e+04 4.517654864673336874e+02
5.496046196722984314e+04 4.558371656907550005e+02
5.637632528162002563e+04 4.558371656907550005e+02
5.809843888258934021e+04 4.558371656907550005e+02
5.895416848039627075e+04 4.558530756700893107e+02
6.066894456601142883e+04 4.558530756700893107e+02
6.096464754438400269e+04 4.558530756700893107e+02
6.238339119672775269e+04 4.558530756700893107e+02
6.259518521380424500e+04 4.558530756700893107e+02
6.274059961605072021e+04 4.558530756700893107e+02
6.445444782352447510e+04 4.558530756700893107e+02
6.454022399353981018e+04 4.558530756700893107e+02
6.720074330163002014e+04 4.558530756700893107e+02
6.755723023033142090e+04 4.558530756700893107e+02
6.954369857025146484e+04 4.558530756700893107e+02
6.969057637429237366e+04 4.558530756700893107e+02
7.055265065407752991e+04 4.558530756700893107e+02
7.063836142206192017e+04 4.558530756700893107e+02
7.109738395881652832e+04 4.558530756700893107e+02
7.376171501278877258e+04 4.558530756700893107e+02
7.398801706266403198e+04 4.558530756700893107e+02
7.430608125066757202e+04 4.564021012670750110e+02
7.439071188211441040e+04 4.564021012670750110e+02
7.553209955239295959e+04 4.564021012670750110e+02
7.817130607724189758e+04 4.564021012670750110e+02
7.848866990494728088e+04 4.564021012670750110e+02
7.852085755538940430e+04 4.564021012670750110e+02
7.883418060374259949e+04 4.564513494303830043e+02
7.968541392183303833e+04 4.564513494303830043e+02
