5.423293397902431145e+00 -9.209166666666666856e+01
5.088284964145728395e+00 -9.171666666666666856e+01
3.699490845272204620e+00 -7.965833333333333144e+01
5.322545926769368663e+00 -9.195833333333332860e+01
3.473048805088537527e+00 -7.893333333333333712e+01
3.093771781498730000e+00 -7.464166666666666572e+01
5.026529178949217247e+00 -9.157499999999998863e+01
4.121527016455378778e+00 -9.047500000000000853e+01
4.500401157055471835e+00 -9.095833333333332860e+01
4.920994173490703005e+00 -9.134166666666666856e+01
2.991226075692495101e+00 -7.438333333333333997e+01
4.087887849492933157e+00 -8.829166666666667140e+01
4.333709182897272250e+00 -9.058333333333334281e+01
