1.897744587659835815e+03 1.355439695190025304e+02
1.927728203535079956e+03 1.430349309707098939e+02
2.247770876646041870e+03 1.430594016765274716e+02
2.339755696296691895e+03 1.430594016765274716e+02
2.371819884777069092e+03 1.477111640148503682e+02
2.443919145822525024e+03 1.500774284428605938e+02
3.072265484809875488e+03 1.543614184255995383e+02
3.090574068546295166e+03 1.543614184255995383e+02
4.188150555849075317e+03 1.543618402174558923e+02
4.457765246152877808e+03 1.543618402174558923e+02
4.555902282953262329e+03 1.546661417503253801e+02
4.581838218450546265e+03 1.631787611910914393e+02
5.098942401170730591e+03 1.631787611910914393e+02
5.116499361753463745e+03 1.631787611910914393e+02
5.448639503479003906e+03 1.631787611910914393e+02
6.372402460336685181e+03 1.631787611910914393e+02
7.184690844774246216e+03 1.631787611910914393e+02
7.574220426321029663e+03 2.452661247229092680e+02
8.060336328983306885e+03 2.452661247229092680e+02
8.092644367933273315e+03 2.452661247229092680e+02
8.336827727556228638e+03 2.452661247229092680e+02
8.359291390180587769e+03 2.452867009961339022e+02
8.744339607954025269e+03 2.546401013524600785e+02
8.770909984588623047e+03 2.546401013524600785e+02
8.854431948900222778e+03 2.576502127897026071e+02
8.882265163183212280e+03 2.576502127897026071e+02
8.904092736482620239e+03 2.576502127897026071e+02
9.633112334251403809e+03 2.583995031653438446e+02
9.658318740367889404e+03 2.583995031653438446e+02
1.109641733026504517e+04 2.583995031653438446e+02
1.116066431856155396e+04 2.583995031653438446e+02
1.122179874539375305e+04 2.583995031653438446e+02
1.136315604090690613e+04 2.583995031653438446e+02
1.374193678545951843e+04 2.583995031653438446e+02
1.376714746403694153e+04 3.453401025388242829e+02
1.379260781335830688e+04 3.462719421974414900e+02
1.472288236975669861e+04 3.462719421974414900e+02
1.474507823300361633e+04 3.462719421974414900e+02
1.554171240210533142e+04 3.462719421974414900e+02
1.557691281032562256e+04 3.468249760495530722e+02
1.559897379565238953e+04 3.493322834310589542e+02
1.563056915092468262e+04 3.501747715389187761e+02
1.571453121852874756e+04 3.501747715389187761e+02
1.576307796144485474e+04 3.501747715389187761e+02
1.579682095694541931e+04 3.501747715389187761e+02
1.596894678950309753e+04 3.501747715389187761e+02
1.599956836938858032e+04 3.502780919876014423e+02
1.602184997344017029e+04 3.503262746615932315e+02
1.610344419169425964e+04 3.503262746615932315e+02
1.619897507905960083e+04 3.503262746615932315e+02
1.638207132291793823e+04 3.503262746615932315e+02
1.640078282189369202e+04 3.503262746615932315e+02
1.642421528410911560e+04 3.503262746615932315e+02
1.645507922863960266e+04 3.503262746615932315e+02
1.647334550786018372e+04 3.503262746615932315e+02
1.652089801144599915e+04 3.503262746615932315e+02
1.691971406745910645e+04 3.503262746615932315e+02
1.701837669491767883e+04 3.504625279286339605e+02
1.704965400695800781e+04 3.504625279286339605e+02
1.708238023495674133e+04 3.504625279286339605e+02
1.708840281033515930e+04 3.504625279286339605e+02
1.732606772804260254e+04 3.504625279286339605e+02
1.772503439378738403e+04 3.504625279286339605e+02
1.775728426766395569e+04 3.506123284795017980e+02
1.777935574412345886e+04 3.506123284795017980e+02
1.780946045494079590e+04 3.506123284795017980e+02
1.810697997856140137e+04 3.506123284795017980e+02
1.826526417565345764e+04 3.506123284795017980e+02
1.850994236516952515e+04 3.508529618078538306e+02
1.854394272971153259e+04 3.508529618078538306e+02
1.857561394238471985e+04 3.508529618078538306e+02
1.867830981087684631e+04 3.508529618078538306e+02
1.869590321207046509e+04 3.508529618078538306e+02
1.871593153071403503e+04 3.508529618078538306e+02
1.875542395710945129e+04 3.508529618078538306e+02
1.879237909221649170e+04 3.508529618078538306e+02
1.882215674662590027e+04 3.509368049759847281e+02
1.885360967469215393e+04 3.509368049759847281e+02
1.895268480467796326e+04 3.509368049759847281e+02
1.902149624013900757e+04 3.509368049759847281e+02
1.943911443305015564e+04 3.509368049759847281e+02
1.945805165338516235e+04 3.510343223953314578e+02
1.949011946773529053e+04 3.510343223953314578e+02
1.952067676854133606e+04 3.510343223953314578e+02
1.954961149573326111e+04 3.510343223953314578e+02
1.968858405208587646e+04 3.510343223953314578e+02
2.026687495398521423e+04 3.510343223953314578e+02
2.040325646209716797e+04 3.510506491567591638e+02
2.043257128715515137e+04 3.510506491567591638e+02
2.052324586224555969e+04 3.510506491567591638e+02
2.055147928190231323e+04 3.510506491567591638e+02
2.058473637056350708e+04 3.510506491567591638e+02
2.060558865952491760e+04 3.510506491567591638e+02
2.064712673807144165e+04 3.510506491567591638e+02
2.066960477757453918e+04 3.510506491567591638e+02
2.069143770170211792e+04 3.510506491567591638e+02
2.078589157557487488e+04 3.510506491567591638e+02
2.095982750725746155e+04 3.510506491567591638e+02
2.115312108540534973e+04 3.510506491567591638e+02
2.121108008813858032e+04 3.510506491567591638e+02
2.124275651454925537e+04 3.510506491567591638e+02
2.127381497192382812e+04 3.510506491567591638e+02
2.170826180028915405e+04 3.510506491567591638e+02
2.187289414143562317e+04 3.510506491567591638e+02
2.224562469172477722e+04 3.510506491567591638e+02
2.227530308008193970e+04 3.510506491567591638e+02
2.234950599169731140e+04 3.510506491567591638e+02
2.237943229889869690e+04 3.510506491567591638e+02
2.240651935315132141e+04 3.510506491567591638e+02
2.256591660380363464e+04 3.510506491567591638e+02
2.259061018896102905e+04 3.510506491567591638e+02
2.261444469523429871e+04 3.510506491567591638e+02
2.264472798252105713e+04 3.510506491567591638e+02
2.266599688458442688e+04 3.510506491567591638e+02
2.270432744240760803e+04 3.510506491567591638e+02
2.284315852546691895e+04 3.510506491567591638e+02
2.285888944888114929e+04 3.510506491567591638e+02
2.295498513174057007e+04 3.510506491567591638e+02
2.298631201148033142e+04 3.510506491567591638e+02
2.301599350571632385e+04 3.510506491567591638e+02
2.305377849721908569e+04 3.510506491567591638e+02
2.307156868433952332e+04 3.510506491567591638e+02
2.308560402059555054e+04 3.510506491567591638e+02
2.310752586245536804e+04 3.510506491567591638e+02
2.313789426565170288e+04 3.510506491567591638e+02
2.316916680526733398e+04 3.510506491567591638e+02
2.320744764447212219e+04 3.510506491567591638e+02
2.322257556748390198e+04 3.510506491567591638e+02
2.323705995965003967e+04 3.510506491567591638e+02
2.325974427342414856e+04 3.576485575720170687e+02
2.328253113770484924e+04 3.576485575720170687e+02
2.330421195197105408e+04 3.577246631954958502e+02
2.332550653815269470e+04 3.577246631954958502e+02
2.336223995375633240e+04 3.577246631954958502e+02
2.338297625088691711e+04 3.577246631954958502e+02
2.341127955603599548e+04 3.577246631954958502e+02
2.344076477479934692e+04 3.577246631954958502e+02
2.347255201888084412e+04 3.577246631954958502e+02
2.350881458806991577e+04 3.577246631954958502e+02
2.352632412981987000e+04 3.577246631954958502e+02
2.354736702036857605e+04 3.577246631954958502e+02
2.361037529659271240e+04 3.577246631954958502e+02
2.364066798830032349e+04 3.577246631954958502e+02
2.367052041268348694e+04 3.577246631954958502e+02
2.371224995779991150e+04 3.577246631954958502e+02
2.373661505770683289e+04 3.577246631954958502e+02
2.375725226306915283e+04 3.577246631954958502e+02
2.378558826065063477e+04 3.577246631954958502e+02
2.380668163180351257e+04 3.577246631954958502e+02
2.383872141098976135e+04 3.577246631954958502e+02
2.387701283812522888e+04 3.577246631954958502e+02
2.389390134716033936e+04 3.577246631954958502e+02
2.390944733166694641e+04 3.577246631954958502e+02
2.395453162145614624e+04 3.577246631954958502e+02
2.399881525611877441e+04 3.577246631954958502e+02
2.402136705565452576e+04 3.577246631954958502e+02
2.405794026279449463e+04 3.577246631954958502e+02
2.409608189964294434e+04 3.577246631954958502e+02
2.412161911082267761e+04 3.577246631954958502e+02
2.416887224769592285e+04 3.577246631954958502e+02
2.419083135628700256e+04 3.577246631954958502e+02
2.421210332846641541e+04 3.577246631954958502e+02
2.424974109554290771e+04 3.577246631954958502e+02
2.426643971014022827e+04 3.577246631954958502e+02
2.428409253716468811e+04 3.577246631954958502e+02
2.431660327243804932e+04 3.577246631954958502e+02
2.434827141809463501e+04 3.577246631954958502e+02
2.437012209558486938e+04 3.577304678616933984e+02
2.440923404622077942e+04 3.577304678616933984e+02
2.442443080258369446e+04 3.577304678616933984e+02
2.444001681828498840e+04 3.577304678616933984e+02
2.447630990600585938e+04 3.587057567214769165e+02
2.477307963681221008e+04 3.587057567214769165e+02
2.479633928728103638e+04 3.587057567214769165e+02
2.480929955005645752e+04 3.587057567214769165e+02
2.482394249463081360e+04 3.587057567214769165e+02
2.483702437925338745e+04 3.587057567214769165e+02
2.492972689580917358e+04 3.588606300976352941e+02
2.496955429673194885e+04 3.588606300976352941e+02
2.499167001509666443e+04 3.588606300976352941e+02
2.502278825974464417e+04 3.588606300976352941e+02
2.503725245547294617e+04 3.588606300976352941e+02
2.505042417263984680e+04 3.588606300976352941e+02
2.508466977524757385e+04 3.588698353334480657e+02
2.510624025464057922e+04 3.588698353334480657e+02
2.514208882021903992e+04 3.588698353334480657e+02
2.517966880559921265e+04 3.588698353334480657e+02
2.519175842738151550e+04 3.588698353334480657e+02
2.522446628761291504e+04 3.588698353334480657e+02
2.531354117369651794e+04 3.588698353334480657e+02
2.533698400521278381e+04 3.588698353334480657e+02
2.535885046076774597e+04 3.588698353334480657e+02
2.539739933300018311e+04 3.588698353334480657e+02
2.541979306626319885e+04 3.588698353334480657e+02
2.547597235989570618e+04 3.588698353334480657e+02
2.550198647832870483e+04 3.588698353334480657e+02
2.552319900798797607e+04 3.588698353334480657e+02
2.555916269636154175e+04 3.588698353334480657e+02
2.557295261001586914e+04 3.588698353334480657e+02
2.559624886226654053e+04 3.588698353334480657e+02
2.562141621398925781e+04 3.588698353334480657e+02
2.574303970170021057e+04 3.588698353334480657e+02
2.577908693313598633e+04 3.588698353334480657e+02
2.580055363607406616e+04 3.588698353334480657e+02
2.583843022322654724e+04 3.588698353334480657e+02
2.586837552547454834e+04 3.588698353334480657e+02
2.589094803595542908e+04 3.588698353334480657e+02
2.592901055026054382e+04 3.588698353334480657e+02
2.595052076601982117e+04 3.588698353334480657e+02
2.597895271182060242e+04 3.588698353334480657e+02
2.601800902676582336e+04 3.588698353334480657e+02
2.604831217312812805e+04 3.588698353334480657e+02
2.607726948809623718e+04 3.588698353334480657e+02
2.619372256636619568e+04 3.588698353334480657e+02
2.652945918226242065e+04 3.588698353334480657e+02
2.655140503787994385e+04 3.588698353334480657e+02
2.657976266074180603e+04 3.588698353334480657e+02
2.661617334079742432e+04 3.588698353334480657e+02
2.664567219781875610e+04 3.588698353334480657e+02
2.672194608092308044e+04 3.588698353334480657e+02
2.674464665985107422e+04 3.588911004642351372e+02
2.677314519762992859e+04 3.588949289734600825e+02
2.679841782212257385e+04 3.588949289734600825e+02
2.682146969747543335e+04 3.588949289734600825e+02
2.685172163701057434e+04 3.588949289734600825e+02
2.692706080174446106e+04 3.588949289734600825e+02
2.697107593798637390e+04 3.588949289734600825e+02
2.700028973388671875e+04 3.588949289734600825e+02
2.702304537153244019e+04 3.588949289734600825e+02
2.705105531167984009e+04 3.588949289734600825e+02
2.708211909389495850e+04 3.588949289734600825e+02
2.716837720799446106e+04 3.588949289734600825e+02
2.719034555935859680e+04 3.588949289734600825e+02
2.722644720721244812e+04 3.588949289734600825e+02
2.725194179344177246e+04 3.588949289734600825e+02
2.728240673208236694e+04 3.588949289734600825e+02
2.730959237766265869e+04 3.588949289734600825e+02
2.737826207518577576e+04 3.588949289734600825e+02
2.740177304053306580e+04 3.588949289734600825e+02
2.742346709775924683e+04 3.614742770322106367e+02
2.744451359391212463e+04 3.614742770322106367e+02
2.747665606188774109e+04 3.614742770322106367e+02
2.750556531643867493e+04 3.614742770322106367e+02
2.754537215304374695e+04 3.614742770322106367e+02
2.756850237965583801e+04 3.614742770322106367e+02
2.759669189691543579e+04 3.614742770322106367e+02
2.762517957425117493e+04 3.614742770322106367e+02
2.765502048397064209e+04 3.614742770322106367e+02
2.768489509153366089e+04 3.614742770322106367e+02
2.771014779233932495e+04 3.616065463081754388e+02
2.774629786610603333e+04 3.616065463081754388e+02
2.778279621195793152e+04 3.616065463081754388e+02
2.781111547207832336e+04 3.616065463081754388e+02
2.783438350820541382e+04 3.616065463081754388e+02
2.786215961790084839e+04 3.616065463081754388e+02
2.795325638961791992e+04 3.616065463081754388e+02
2.797486616063117981e+04 3.616065463081754388e+02
2.801108589196205139e+04 3.616065463081754388e+02
2.803694296836853027e+04 3.616065463081754388e+02
2.805967344808578491e+04 3.616065463081754388e+02
2.808962166953086853e+04 3.616065463081754388e+02
2.817684454560279846e+04 3.616065463081754388e+02
2.821349397563934326e+04 3.616065463081754388e+02
2.838770185303688049e+04 3.616065463081754388e+02
2.841255293488502502e+04 3.616065463081754388e+02
2.843247805309295654e+04 3.616065463081754388e+02
2.846313622975349426e+04 3.616065463081754388e+02
2.854995105671882629e+04 3.616065463081754388e+02
2.857162324476242065e+04 3.616065463081754388e+02
2.860442454934120178e+04 3.616065463081754388e+02
2.862760921907424927e+04 3.616065463081754388e+02
2.865138396930694580e+04 3.616065463081754388e+02
2.868090344095230103e+04 3.616065463081754388e+02
2.870215094852447510e+04 3.616065463081754388e+02
2.872575217533111572e+04 3.616065463081754388e+02
2.874956716799736023e+04 3.616065463081754388e+02
2.877424856114387512e+04 3.616065463081754388e+02
2.879768594026565552e+04 3.616065463081754388e+02
2.882618707227706909e+04 3.616065463081754388e+02
2.888473155927658081e+04 3.616065463081754388e+02
2.891812067794799805e+04 3.616065463081754388e+02
2.894651838183403015e+04 3.616065463081754388e+02
2.897191447019577026e+04 3.616065463081754388e+02
2.900335201621055603e+04 3.616065463081754388e+02
2.902576952362060547e+04 3.616065463081754388e+02
2.912443969845771790e+04 3.616065463081754388e+02
2.915253989171981812e+04 3.616065463081754388e+02
2.917428735041618347e+04 3.616128007584069337e+02
2.920203813290596008e+04 3.616128007584069337e+02
2.922490216588973999e+04 3.616128007584069337e+02
2.925440369105339050e+04 3.616128007584069337e+02
2.928932237291336060e+04 3.616128007584069337e+02
2.932928535819053650e+04 3.616128007584069337e+02
2.936546478343009949e+04 3.616128007584069337e+02
2.939173186159133911e+04 3.616128007584069337e+02
2.941263788986206055e+04 3.616128007584069337e+02
2.943908812856674194e+04 3.616128007584069337e+02
2.948085641908645630e+04 3.616128007584069337e+02
2.951716122627258301e+04 3.616128007584069337e+02
2.954529142832756042e+04 3.616128007584069337e+02
2.957345834445953369e+04 3.616128007584069337e+02
2.959677357816696167e+04 3.616128007584069337e+02
2.962771676874160767e+04 3.616128007584069337e+02
2.969445918440818787e+04 3.616128007584069337e+02
2.971619420123100281e+04 3.616128007584069337e+02
2.980805558562278748e+04 3.623956363763112449e+02
2.983540412402153015e+04 3.623956363763112449e+02
2.985992658853530884e+04 3.623956363763112449e+02
2.988382552456855774e+04 3.623956363763112449e+02
2.995501639771461487e+04 3.623956363763112449e+02
3.008476495480537415e+04 3.623956363763112449e+02
3.010720735168457031e+04 3.623956363763112449e+02
3.013127320790290833e+04 3.623956363763112449e+02
3.015469116663932800e+04 3.623956363763112449e+02
3.017706201386451721e+04 3.623956363763112449e+02
3.026599778723716736e+04 3.623956363763112449e+02
3.029732432389259338e+04 3.623956363763112449e+02
3.033519571661949158e+04 3.623956363763112449e+02
3.036202428507804871e+04 3.623956363763112449e+02
3.038462548661231995e+04 3.623956363763112449e+02
3.041584032082557678e+04 3.623956363763112449e+02
3.045423981165885925e+04 3.623956363763112449e+02
3.048227717089653015e+04 3.623956363763112449e+02
3.051034492349624634e+04 3.623956363763112449e+02
3.053521326208114624e+04 3.623956363763112449e+02
3.055943138194084167e+04 3.623956363763112449e+02
3.058247073960304260e+04 3.623956363763112449e+02
3.067448044776916504e+04 3.623956363763112449e+02
3.070013684582710266e+04 3.623956363763112449e+02
3.072831584048271179e+04 3.623956363763112449e+02
3.075579851937294006e+04 3.623956363763112449e+02
3.077870755386352539e+04 3.623956363763112449e+02
3.080809042310714722e+04 3.623956363763112449e+02
3.090087414336204529e+04 3.623956363763112449e+02
3.103765002131462097e+04 3.623956363763112449e+02
3.106502996826171875e+04 3.623956363763112449e+02
3.109158549976348877e+04 3.623956363763112449e+02
3.111521690320968628e+04 3.623956363763112449e+02
3.114445006084442139e+04 3.623956363763112449e+02
3.125394044899940491e+04 3.623956363763112449e+02
3.128353849864006042e+04 3.623956363763112449e+02
3.131125602245330811e+04 3.623956363763112449e+02
3.133703251242637634e+04 3.623956363763112449e+02
3.135937126111984253e+04 3.623956363763112449e+02
3.138925587344169617e+04 3.623956363763112449e+02
3.148514951086044312e+04 3.623956363763112449e+02
3.152182412290573120e+04 3.623956363763112449e+02
3.154395575046539307e+04 3.623956363763112449e+02
3.157442683029174805e+04 3.623956363763112449e+02
3.159703610324859619e+04 3.623956363763112449e+02
3.162834158825874329e+04 3.623956363763112449e+02
3.165534990739822388e+04 3.623956363763112449e+02
3.167671704578399658e+04 3.650462022453827444e+02
3.171323888564109802e+04 3.650462022453827444e+02
3.173914748954772949e+04 3.650462022453827444e+02
3.176255273652076721e+04 3.650462022453827444e+02
3.179422730517387390e+04 3.650462022453827444e+02
3.182691929960250854e+04 3.650462022453827444e+02
3.190388877749443054e+04 3.650462022453827444e+02
3.192696911358833313e+04 3.650462022453827444e+02
3.195256479310989380e+04 3.650462022453827444e+02
3.197651976752281189e+04 3.650462022453827444e+02
3.200360115003585815e+04 3.650462022453827444e+02
3.208509061145782471e+04 3.650462022453827444e+02
3.210691956806182861e+04 3.650462022453827444e+02
3.213931505298614502e+04 3.650462022453827444e+02
3.217093492174148560e+04 3.650462022453827444e+02
3.219402041578292847e+04 3.650462022453827444e+02
3.222460835838317871e+04 3.650462022453827444e+02
3.226329490661621094e+04 3.650462022453827444e+02
3.229978303456306458e+04 3.650462022453827444e+02
3.236584752130508423e+04 3.650462022453827444e+02
3.239434492993354797e+04 3.650462022453827444e+02
3.241497497296333313e+04 3.650462022453827444e+02
3.244422901105880737e+04 3.650462022453827444e+02
3.255524393224716187e+04 3.650462022453827444e+02
3.257816781449317932e+04 3.650462022453827444e+02
3.261421177673339844e+04 3.650462022453827444e+02
3.263746522760391235e+04 3.650462022453827444e+02
3.267086527180671692e+04 3.650462022453827444e+02
3.270224532914161682e+04 3.650462022453827444e+02
3.272393431305885315e+04 3.650462022453827444e+02
3.275992255449295044e+04 3.650462022453827444e+02
3.278166071367263794e+04 3.650462022453827444e+02
3.280719876408576965e+04 3.650462022453827444e+02
3.282924285650253296e+04 3.650462022453827444e+02
3.285111307144165039e+04 3.650462022453827444e+02
3.289153895163536072e+04 3.650462022453827444e+02
3.291522628402709961e+04 3.650462022453827444e+02
3.295144008541107178e+04 3.650468954734369618e+02
3.297267506766319275e+04 3.650468954734369618e+02
3.299419030618667603e+04 3.650468954734369618e+02
3.301738551044464111e+04 3.650468954734369618e+02
3.310737273812294006e+04 3.650468954734369618e+02
3.314354822754859924e+04 3.650468954734369618e+02
3.316702084612846375e+04 3.650468954734369618e+02
3.319210983276367188e+04 3.650468954734369618e+02
3.321472399687767029e+04 3.650468954734369618e+02
3.323815766143798828e+04 3.650468954734369618e+02
3.328289484667778015e+04 3.650468954734369618e+02
3.331123915696144104e+04 3.650468954734369618e+02
3.347109732675552368e+04 3.650468954734369618e+02
3.349991388702392578e+04 3.650468954734369618e+02
3.353116996383666992e+04 3.650468954734369618e+02
3.355982469606399536e+04 3.650468954734369618e+02
3.359246607446670532e+04 3.650468954734369618e+02
3.369132630658149719e+04 3.650468954734369618e+02
3.373137196826934814e+04 3.650468954734369618e+02
3.376280188965797424e+04 3.650468954734369618e+02
3.378392336463928223e+04 3.650468954734369618e+02
3.380845900249481201e+04 3.650468954734369618e+02
3.384001922631263733e+04 3.650693041548706788e+02
3.422422348284721375e+04 3.650693041548706788e+02
3.426063951992988586e+04 3.650693041548706788e+02
3.429272698187828064e+04 3.650693041548706788e+02
3.431707220673561096e+04 3.650693041548706788e+02
3.434786527824401855e+04 3.650693041548706788e+02
3.441745226216316223e+04 3.650693041548706788e+02
3.445494615244865417e+04 3.650693041548706788e+02
3.447836895465850830e+04 3.650693041548706788e+02
3.450084529995918274e+04 3.650693041548706788e+02
3.452450997805595398e+04 3.650693041548706788e+02
3.455157901000976562e+04 3.650693041548706788e+02
3.464236499023437500e+04 3.650693041548706788e+02
3.467183883857727051e+04 3.650693041548706788e+02
3.470021894264221191e+04 3.650693041548706788e+02
3.472231363081932068e+04 3.650693041548706788e+02
3.475530407381057739e+04 3.650693041548706788e+02
3.478456683754920959e+04 3.650693041548706788e+02
3.480544219732284546e+04 3.650804975521067490e+02
3.482912166666984558e+04 3.650804975521067490e+02
3.485049240016937256e+04 3.650804975521067490e+02
3.487692363023757935e+04 3.650804975521067490e+02
3.489933318519592285e+04 3.650804975521067490e+02
3.492906089067459106e+04 3.650804975521067490e+02
3.496365376853942871e+04 3.650804975521067490e+02
3.524194319057464600e+04 3.650804975521067490e+02
3.528825073337554932e+04 3.650804975521067490e+02
3.532081237149238586e+04 3.650804975521067490e+02
3.534571789884567261e+04 3.650804975521067490e+02
3.537469848275184631e+04 3.650804975521067490e+02
3.547435613846778870e+04 3.650804975521067490e+02
3.564331140589714050e+04 3.650804975521067490e+02
3.566491045475006104e+04 3.650804975521067490e+02
3.568795909476280212e+04 3.650804975521067490e+02
3.571084856772422791e+04 3.650804975521067490e+02
3.574047703075408936e+04 3.650804975521067490e+02
3.576857485461235046e+04 3.650804975521067490e+02
3.589583579730987549e+04 3.650804975521067490e+02
3.594899136590957642e+04 3.650804975521067490e+02
3.597484181547164917e+04 3.650804975521067490e+02
3.599634575176239014e+04 3.650804975521067490e+02
3.602093986415863037e+04 3.650804975521067490e+02
3.609149508571624756e+04 3.650804975521067490e+02
3.612803509259223938e+04 3.650804975521067490e+02
3.614959680390357971e+04 3.650804975521067490e+02
3.617566666054725647e+04 3.650804975521067490e+02
3.620489594912528992e+04 3.650804975521067490e+02
3.623590691351890564e+04 3.650804975521067490e+02
3.633336748075485229e+04 3.650804975521067490e+02
3.636345255589485168e+04 3.650804975521067490e+02
3.639974474787712097e+04 3.650804975521067490e+02
3.642559427094459534e+04 3.650804975521067490e+02
3.644817807793617249e+04 3.650804975521067490e+02
3.647949129438400269e+04 3.650804975521067490e+02
3.651835730648040771e+04 3.650804975521067490e+02
3.655626734852790833e+04 3.650804975521067490e+02
3.658360009717941284e+04 3.650804975521067490e+02
3.660951654243469238e+04 3.650804975521067490e+02
3.663415090155601501e+04 3.650804975521067490e+02
3.666164646100997925e+04 3.650804975521067490e+02
3.675921493101119995e+04 3.650804975521067490e+02
3.678088591480255127e+04 3.650804975521067490e+02
3.681867175960540771e+04 3.650804975521067490e+02
3.684482729792594910e+04 3.650804975521067490e+02
3.686772756695747375e+04 3.650804975521067490e+02
3.689848537850379944e+04 3.650804975521067490e+02
3.691939182305335999e+04 3.650804975521067490e+02
3.695721237707138062e+04 3.650804975521067490e+02
3.711938361740112305e+04 3.650804975521067490e+02
3.714459092164039612e+04 3.650804975521067490e+02
3.716815202593803406e+04 3.650804975521067490e+02
3.719772969841957092e+04 3.650804975521067490e+02
3.729594906806945801e+04 3.650804975521067490e+02
3.731911151289939880e+04 3.650804975521067490e+02
3.735434656071662903e+04 3.650804975521067490e+02
3.737933159518241882e+04 3.650804975521067490e+02
3.740212433052062988e+04 3.650804975521067490e+02
3.743297606945037842e+04 3.650804975521067490e+02
3.751937330651283264e+04 3.650804975521067490e+02
3.755415304183959961e+04 3.650804975521067490e+02
3.759156270647048950e+04 3.650804975521067490e+02
3.761838391470909119e+04 3.650804975521067490e+02
3.764415557742118835e+04 3.650804975521067490e+02
3.767393910217285156e+04 3.650804975521067490e+02
3.777248276877403259e+04 3.650824130754137400e+02
3.780356652283668518e+04 3.650824130754137400e+02
3.797081734061241150e+04 3.650824130754137400e+02
3.799697358679771423e+04 3.650824130754137400e+02
3.802034074020385742e+04 3.650824130754137400e+02
3.804215177917480469e+04 3.650824130754137400e+02
3.809513359212875366e+04 3.650824130754137400e+02
3.813138722944259644e+04 3.650824130754137400e+02
3.815230703949928284e+04 3.651066238663824493e+02
3.818395930600166321e+04 3.651066238663824493e+02
3.821306797361373901e+04 3.651066238663824493e+02
3.824176006245613098e+04 3.651066238663824493e+02
3.831589149951934814e+04 3.651066238663824493e+02
3.834750728535652161e+04 3.651066238663824493e+02
3.838277550935745239e+04 3.651066238663824493e+02
3.840838767647743225e+04 3.651066238663824493e+02
3.843287062597274780e+04 3.651066238663824493e+02
3.845722531938552856e+04 3.651066238663824493e+02
3.848280194067955017e+04 3.651066238663824493e+02
3.851908346009254456e+04 3.651066238663824493e+02
3.854060012817382812e+04 3.651066238663824493e+02
3.856837289381027222e+04 3.651066238663824493e+02
3.858905902147293091e+04 3.651066238663824493e+02
3.861203553533554077e+04 3.651066238663824493e+02
3.865278657341003418e+04 3.651066238663824493e+02
3.868141001677513123e+04 3.651066238663824493e+02
3.871276958107948303e+04 3.651066238663824493e+02
3.873910215067863464e+04 3.651066238663824493e+02
3.876093371510505676e+04 3.651066238663824493e+02
3.878825099182128906e+04 3.651066238663824493e+02
3.886256386041641235e+04 3.651066238663824493e+02
3.889088579344749451e+04 3.651066238663824493e+02
3.891470413684844971e+04 3.651066238663824493e+02
3.894539283585548401e+04 3.651066238663824493e+02
3.896828482985496521e+04 3.651066238663824493e+02
3.899190435314178467e+04 3.651066238663824493e+02
3.906415244984626770e+04 3.651066238663824493e+02
3.910417188167572021e+04 3.651066238663824493e+02
3.914001341915130615e+04 3.651066238663824493e+02
3.916539916253089905e+04 3.651066238663824493e+02
3.918400965571403503e+04 3.651066238663824493e+02
3.921369049596786499e+04 3.651066238663824493e+02
3.923922457456588745e+04 3.651066238663824493e+02
3.927524277710914612e+04 3.651066238663824493e+02
3.930105015802383423e+04 3.651066238663824493e+02
3.932780876016616821e+04 3.651066238663824493e+02
3.935540136575698853e+04 3.651066238663824493e+02
3.938474613761901855e+04 3.651066238663824493e+02
3.949895413160324097e+04 3.651066238663824493e+02
3.952138291716575623e+04 3.651066238663824493e+02
3.955388785958290100e+04 3.651066238663824493e+02
3.957527715063095093e+04 3.651066238663824493e+02
3.959352271628379822e+04 3.651066238663824493e+02
3.962350208234786987e+04 3.651066238663824493e+02
3.969362510895729065e+04 3.651066238663824493e+02
3.972846256995201111e+04 3.651066238663824493e+02
3.990371468925476074e+04 3.651066238663824493e+02
3.992920786976814270e+04 3.651066238663824493e+02
3.995706476569175720e+04 3.651066238663824493e+02
3.997930587506294250e+04 3.651066238663824493e+02
4.009425058364868164e+04 3.651066238663824493e+02
4.044478408551216125e+04 3.651066238663824493e+02
4.048120326805114746e+04 3.651066238663824493e+02
4.050707023191452026e+04 3.651066238663824493e+02
4.053018878197669983e+04 3.651066238663824493e+02
4.055422810673713684e+04 3.651066238663824493e+02
4.061198610448837280e+04 3.651066238663824493e+02
4.064779265975952148e+04 3.651066238663824493e+02
4.068311003708839417e+04 3.651066238663824493e+02
4.070902194237709045e+04 3.651066238663824493e+02
4.073555516672134399e+04 3.651066238663824493e+02
4.076582323670387268e+04 3.651066238663824493e+02
4.085303611636161804e+04 3.651066238663824493e+02
4.088653775954246521e+04 3.651066238663824493e+02
4.092192010998725891e+04 3.651066238663824493e+02
4.094228437900543213e+04 3.651066238663824493e+02
4.097233967566490173e+04 3.651066238663824493e+02
4.100146451258659363e+04 3.651066238663824493e+02
4.109037601017951965e+04 3.651066238663824493e+02
4.112668478274345398e+04 3.651066238663824493e+02
4.134686481690406799e+04 3.651066238663824493e+02
4.137455577969551086e+04 3.651066238663824493e+02
4.139514931249618530e+04 3.651066238663824493e+02
4.142439066243171692e+04 3.651066238663824493e+02
4.154064282727241516e+04 3.651066238663824493e+02
4.157088461041450500e+04 3.651066238663824493e+02
4.159837311196327209e+04 3.651066238663824493e+02
4.162214985942840576e+04 3.651066238663824493e+02
4.164656094574928284e+04 3.651066238663824493e+02
4.167468375992774963e+04 3.651066238663824493e+02
4.169348705673217773e+04 3.651066238663824493e+02
4.172936490416526794e+04 3.651066238663824493e+02
4.175918517494201660e+04 3.651066238663824493e+02
4.178938944768905640e+04 3.651066238663824493e+02
4.181609889769554138e+04 3.651066238663824493e+02
4.184580193471908569e+04 3.651066238663824493e+02
4.190528626775741577e+04 3.651066238663824493e+02
4.193983872342109680e+04 3.651066238663824493e+02
4.224317612266540527e+04 3.651066238663824493e+02
4.227326019644737244e+04 3.651066238663824493e+02
4.230216597747802734e+04 3.651066238663824493e+02
4.233218786597251892e+04 3.651066238663824493e+02
4.242929592561721802e+04 3.651066238663824493e+02
4.246459299230575562e+04 3.651066238663824493e+02
4.249193762993812561e+04 3.651066238663824493e+02
4.251499673843383789e+04 3.651066238663824493e+02
4.253713827991485596e+04 3.651066238663824493e+02
4.256637715554237366e+04 3.651066238663824493e+02
4.267341885638237000e+04 3.651066238663824493e+02
4.270412420296669006e+04 3.651066238663824493e+02
4.272779738831520081e+04 3.651066238663824493e+02
4.275072479748725891e+04 3.651066238663824493e+02
4.277428904056549072e+04 3.651066238663824493e+02
4.280371867990493774e+04 3.651066238663824493e+02
4.287381334233283997e+04 3.651066238663824493e+02
4.296696786689758301e+04 3.651066238663824493e+02
4.299939505028724670e+04 3.651066238663824493e+02
4.302440419435501099e+04 3.651066238663824493e+02
4.304709940385818481e+04 3.651066238663824493e+02
4.306979608201980591e+04 3.651066238663824493e+02
4.312980334830284119e+04 3.651066238663824493e+02
4.315902400422096252e+04 3.651066238663824493e+02
4.319503031826019287e+04 3.651066238663824493e+02
4.322360061979293823e+04 3.651066238663824493e+02
4.324634244990348816e+04 3.651066238663824493e+02
4.327733608818054199e+04 3.651066238663824493e+02
4.331551146054267883e+04 3.651066238663824493e+02
4.335103412294387817e+04 3.651066238663824493e+02
4.338496381568908691e+04 3.651066238663824493e+02
4.341104395890235901e+04 3.651066238663824493e+02
4.343739579701423645e+04 3.651066238663824493e+02
4.346329971957206726e+04 3.651066238663824493e+02
4.355345694470405579e+04 3.651066238663824493e+02
4.357475690507888794e+04 3.651066238663824493e+02
4.361018726682662964e+04 3.651066238663824493e+02
4.364009667396545410e+04 3.651066238663824493e+02
4.366327102637290955e+04 3.651066238663824493e+02
4.369149882411956787e+04 3.651066238663824493e+02
4.371294204974174500e+04 3.651066238663824493e+02
4.374911075711250305e+04 3.651066238663824493e+02
4.377044426846504211e+04 3.651066238663824493e+02
4.379770586991310120e+04 3.651066238663824493e+02
4.382167019200325012e+04 3.651066238663824493e+02
4.385082975888252258e+04 3.651066238663824493e+02
4.389197378778457642e+04 3.651066238663824493e+02
4.391331492233276367e+04 3.651066238663824493e+02
4.394147323775291443e+04 3.651066238663824493e+02
4.396686898279190063e+04 3.651066238663824493e+02
4.399732337522506714e+04 3.651066238663824493e+02
4.402868289542198181e+04 3.651066238663824493e+02
4.410065188407897949e+04 3.651541420175079793e+02
4.415918918442726135e+04 3.651541420175079793e+02
4.419369419527053833e+04 3.651541420175079793e+02
4.421985235357284546e+04 3.651541420175079793e+02
4.425130669355392456e+04 3.651541420175079793e+02
4.428224499917030334e+04 3.651541420175079793e+02
4.437221486878395081e+04 3.651541420175079793e+02
4.440354561948776245e+04 3.651541420175079793e+02
4.443083081197738647e+04 3.651541420175079793e+02
4.445764577531814575e+04 3.651541420175079793e+02
4.448216231107711792e+04 3.651541420175079793e+02
4.451172774624824524e+04 3.651541420175079793e+02
4.453718262290954590e+04 3.651541420175079793e+02
4.457324257969856262e+04 3.651541420175079793e+02
4.460846211004257202e+04 3.651541420175079793e+02
4.463317443037033081e+04 3.651541420175079793e+02
4.465697424268722534e+04 3.651541420175079793e+02
4.468664984798431396e+04 3.651541420175079793e+02
4.479699990200996399e+04 3.651541420175079793e+02
4.487943881416320801e+04 3.651541420175079793e+02
4.491460603928565979e+04 3.651541420175079793e+02
4.493815501713752747e+04 3.651541420175079793e+02
4.496786086058616638e+04 3.651541420175079793e+02
4.499038343405723572e+04 3.651541420175079793e+02
4.507291975617408752e+04 3.651541420175079793e+02
4.510917710566520691e+04 3.651541420175079793e+02
4.513146838212013245e+04 3.651541420175079793e+02
4.515480295109748840e+04 3.651541420175079793e+02
4.517773395204544067e+04 3.651541420175079793e+02
4.520611885380744934e+04 3.651541420175079793e+02
4.526377198672294617e+04 3.651541420175079793e+02
4.529933906483650208e+04 3.651541420175079793e+02
4.533484516048431396e+04 3.651541420175079793e+02
4.536149874353408813e+04 3.651541420175079793e+02
4.538238833332061768e+04 3.651541420175079793e+02
4.541024641203880310e+04 3.651541420175079793e+02
4.550863301110267639e+04 3.652617839401260085e+02
4.554483807897567749e+04 3.652807712524405019e+02
4.556815262389183044e+04 3.652807712524405019e+02
4.559985385990142822e+04 3.652807712524405019e+02
4.561669074726104736e+04 3.652807712524405019e+02
4.564003995800018311e+04 3.652807712524405019e+02
4.569962436223030090e+04 3.652807712524405019e+02
4.576841647124290466e+04 3.652807712524405019e+02
4.580412441349029541e+04 3.652807712524405019e+02
4.583208380579948425e+04 3.652807712524405019e+02
4.585484577918052673e+04 3.652807712524405019e+02
4.588531833410263062e+04 3.652807712524405019e+02
4.591794691896438599e+04 3.652807712524405019e+02
4.595318991661071777e+04 3.652807712524405019e+02
4.597433236432075500e+04 3.652955255699034751e+02
4.600445449829101562e+04 3.652955255699034751e+02
4.602738223385810852e+04 3.652955255699034751e+02
4.605816827845573425e+04 3.652955255699034751e+02
4.615811460137367249e+04 3.652955255699034751e+02
4.617995479846000671e+04 3.652955255699034751e+02
4.621580789279937744e+04 3.652955255699034751e+02
4.624015815663337708e+04 3.652955255699034751e+02
4.626236668014526367e+04 3.652955255699034751e+02
4.628897946143150330e+04 3.652955255699034751e+02
4.637670773863792419e+04 3.652955255699034751e+02
4.641241615676879883e+04 3.652955255699034751e+02
4.644702988600730896e+04 3.652955255699034751e+02
4.647603050112724304e+04 3.652955255699034751e+02
4.650007824683189392e+04 3.652955255699034751e+02
4.652913351678848267e+04 3.652955255699034751e+02
4.656970939493179321e+04 3.652955255699034751e+02
4.692927022099494934e+04 3.652955255699034751e+02
4.696269188880920410e+04 3.652955255699034751e+02
4.698812361359596252e+04 3.652955255699034751e+02
4.701161523079872131e+04 3.652955255699034751e+02
4.704179535961151123e+04 3.652955255699034751e+02
4.712851832699775696e+04 3.652955255699034751e+02
4.715679522109031677e+04 3.652955255699034751e+02
4.718032398009300232e+04 3.652955255699034751e+02
4.720568158197402954e+04 3.652955255699034751e+02
4.722821116185188293e+04 3.652955255699034751e+02
4.724980870294570923e+04 3.652955255699034751e+02
4.734279065370559692e+04 3.652955255699034751e+02
4.738008358144760132e+04 3.652955255699034751e+02
4.755067425942420959e+04 3.652955255699034751e+02
4.757580713534355164e+04 3.652955255699034751e+02
4.759849771618843079e+04 3.652955255699034751e+02
4.762197648072242737e+04 3.652955255699034751e+02
4.770500803565979004e+04 3.652955255699034751e+02
4.774104578256607056e+04 3.652955255699034751e+02
4.776247412610054016e+04 3.652955255699034751e+02
4.778936579942703247e+04 3.652955255699034751e+02
4.781664416408538818e+04 3.652955255699034751e+02
4.784595131230354309e+04 3.652955255699034751e+02
4.790199992918968201e+04 3.652955255699034751e+02
4.792356903886795044e+04 3.652955255699034751e+02
4.802836028361320496e+04 3.652955255699034751e+02
4.805319335961341858e+04 3.652955255699034751e+02
4.808106641936302185e+04 3.652955255699034751e+02
4.811168588685989380e+04 3.652955255699034751e+02
4.818512566828727722e+04 3.652955255699034751e+02
4.842712201237678528e+04 3.652955255699034751e+02
4.845818757057189941e+04 3.652955255699034751e+02
4.848731142950057983e+04 3.652955255699034751e+02
4.850990578889846802e+04 3.652955255699034751e+02
4.853222188425064087e+04 3.652955255699034751e+02
4.858701074814796448e+04 3.652955255699034751e+02
4.860832331705093384e+04 3.652955255699034751e+02
4.864209197831153870e+04 3.652955255699034751e+02
4.866355287003517151e+04 3.652955255699034751e+02
4.868723675560951233e+04 3.652955255699034751e+02
4.871476681280136108e+04 3.652955255699034751e+02
4.875255500555038452e+04 3.652955255699034751e+02
4.878784431529045105e+04 3.652955255699034751e+02
4.881930271005630493e+04 3.652955255699034751e+02
4.883666667509078979e+04 3.652955255699034751e+02
4.885861829972267151e+04 3.652955255699034751e+02
4.889044345736503601e+04 3.652955255699034751e+02
4.898233560872077942e+04 3.652955255699034751e+02
4.901155191969871521e+04 3.652955255699034751e+02
4.905213310813903809e+04 3.652955255699034751e+02
4.907720256400108337e+04 3.652955255699034751e+02
4.909908760643005371e+04 3.652955255699034751e+02
4.912688205766677856e+04 3.652955255699034751e+02
4.921183092498779297e+04 3.652955255699034751e+02
4.924792810821533203e+04 3.652955255699034751e+02
4.928197532987594604e+04 3.652955255699034751e+02
4.930697849273681641e+04 3.652955255699034751e+02
4.932841503715515137e+04 3.652955255699034751e+02
4.935698700904846191e+04 3.652955255699034751e+02
4.939339511275291443e+04 3.652955255699034751e+02
4.941447132849693298e+04 3.652955255699034751e+02
4.945654424190521240e+04 3.652955255699034751e+02
4.948488981032371521e+04 3.652955255699034751e+02
4.950436095094680786e+04 3.652955255699034751e+02
4.952073644948005676e+04 3.652955255699034751e+02
4.960620496058464050e+04 3.652955255699034751e+02
4.964906719541549683e+04 3.652955255699034751e+02
4.968500629305839539e+04 3.652955255699034751e+02
4.971398712182044983e+04 3.652955255699034751e+02
4.973645616745948792e+04 3.652955255699034751e+02
4.976575196099281311e+04 3.652955255699034751e+02
4.980140613126754761e+04 3.652955255699034751e+02
4.982279848027229309e+04 3.652955255699034751e+02
4.986392145919799805e+04 3.652955255699034751e+02
4.988688593673706055e+04 3.652955255699034751e+02
4.991777862620353699e+04 3.652955255699034751e+02
4.994174512600898743e+04 3.652955255699034751e+02
5.003678473639488220e+04 3.652955255699034751e+02
5.015335577702522278e+04 3.652955255699034751e+02
5.017461001014709473e+04 3.652955255699034751e+02
5.020038460969924927e+04 3.652955255699034751e+02
5.022335743331909180e+04 3.652955255699034751e+02
5.024761150908470154e+04 3.652955255699034751e+02
5.030303857398033142e+04 3.652955255699034751e+02
5.033264693331718445e+04 3.652955255699034751e+02
5.036865855813026428e+04 3.652955255699034751e+02
5.039422769308090210e+04 3.652955255699034751e+02
5.041742594861984253e+04 3.652955255699034751e+02
5.044100532627105713e+04 3.652955255699034751e+02
5.046214597082138062e+04 3.652955255699034751e+02
5.048616249966621399e+04 3.652955255699034751e+02
5.051480882620811462e+04 3.652955255699034751e+02
5.054188154482841492e+04 3.652955255699034751e+02
5.056282705402374268e+04 3.652955255699034751e+02
5.058884005236625671e+04 3.652955255699034751e+02
5.067990707850456238e+04 3.652955255699034751e+02
5.075516959118843079e+04 3.652955255699034751e+02
5.080070690751075745e+04 3.652955255699034751e+02
5.082561064529418945e+04 3.652955255699034751e+02
5.084756023526191711e+04 3.652955255699034751e+02
5.087116032052040100e+04 3.652955255699034751e+02
5.089273970556259155e+04 3.652955255699034751e+02
5.091513985395431519e+04 3.652955255699034751e+02
5.094416330909729004e+04 3.652955255699034751e+02
5.096655529808998108e+04 3.652955255699034751e+02
5.099086092042922974e+04 3.652955255699034751e+02
5.101338107752799988e+04 3.652955255699034751e+02
5.105137120723724365e+04 3.652955255699034751e+02
5.109041515707969666e+04 3.652955255699034751e+02
5.111841897416114807e+04 3.652955255699034751e+02
5.114270594143867493e+04 3.652955255699034751e+02
5.116461666679382324e+04 3.652955255699034751e+02
5.118812126398086548e+04 3.652955255699034751e+02
5.125321440148353577e+04 3.652955255699034751e+02
5.128876586389541626e+04 3.652955255699034751e+02
5.131093540000915527e+04 3.652955255699034751e+02
5.133276640105247498e+04 3.652955255699034751e+02
5.135468407535552979e+04 3.652955255699034751e+02
5.137538067078590393e+04 3.652955255699034751e+02
5.141575797367095947e+04 3.652955255699034751e+02
5.143935682153701782e+04 3.652955255699034751e+02
5.147916647291183472e+04 3.652969100731748995e+02
5.150534316778182983e+04 3.652969100731748995e+02
5.152903495931625366e+04 3.652969100731748995e+02
5.155234634900093079e+04 3.652969100731748995e+02
5.159112337708473206e+04 3.652969100731748995e+02
5.162316213083267212e+04 3.652969100731748995e+02
5.165111928606033325e+04 3.652969100731748995e+02
5.167625858259201050e+04 3.652969100731748995e+02
5.169907623529434204e+04 3.652969100731748995e+02
5.172121941137313843e+04 3.652969100731748995e+02
5.176136145472526550e+04 3.652969100731748995e+02
5.178373666906356812e+04 3.652969100731748995e+02
5.181985448622703552e+04 3.652969100731748995e+02
5.184468943190574646e+04 3.652969100731748995e+02
5.187089851832389832e+04 3.652969100731748995e+02
5.189459490942955017e+04 3.652969100731748995e+02
5.196423298835754395e+04 3.652969100731748995e+02
5.199447831034660339e+04 3.653000364121342614e+02
5.202684958314895630e+04 3.653000364121342614e+02
5.205148266172409058e+04 3.653000364121342614e+02
5.207378894758224487e+04 3.653000364121342614e+02
5.209620959043502808e+04 3.653000364121342614e+02
5.218787624216079712e+04 3.653000364121342614e+02
5.220963491630554199e+04 3.653000364121342614e+02
5.224629360651969910e+04 3.653000364121342614e+02
5.227309128355979919e+04 3.653000364121342614e+02
5.229654049444198608e+04 3.653000364121342614e+02
5.231604647564888000e+04 3.653000364121342614e+02
5.238859375572204590e+04 3.653000364121342614e+02
5.241658236742019653e+04 3.653000364121342614e+02
5.245631193447113037e+04 3.653000364121342614e+02
5.247712634348869324e+04 3.653000364121342614e+02
5.249943441200256348e+04 3.653000364121342614e+02
5.252541460204124451e+04 3.653000364121342614e+02
5.262272003698348999e+04 3.653000364121342614e+02
5.271806445574760437e+04 3.653000364121342614e+02
5.275345000433921814e+04 3.653000364121342614e+02
5.277963294529914856e+04 3.653000364121342614e+02
5.280170042729377747e+04 3.653000364121342614e+02
5.282173216962814331e+04 3.653000364121342614e+02
5.284377163481712341e+04 3.653000364121342614e+02
5.287903209495544434e+04 3.653002709868367219e+02
5.290081283545494080e+04 3.653002709868367219e+02
5.292570929169654846e+04 3.653002709868367219e+02
5.294889700651168823e+04 3.653002709868367219e+02
5.297203704857826233e+04 3.653002709868367219e+02
5.306487091326713562e+04 3.653002709868367219e+02
5.309215026259422302e+04 3.653002709868367219e+02
5.312264368391036987e+04 3.653012362614348945e+02
5.314499187541007996e+04 3.653012362614348945e+02
5.316599756145477295e+04 3.653012362614348945e+02
5.319155627822875977e+04 3.653012362614348945e+02
5.321633450055122375e+04 3.653012362614348945e+02
5.325151443362236023e+04 3.653012362614348945e+02
5.327334616184234619e+04 3.653012362614348945e+02
5.329946034955978394e+04 3.653012362614348945e+02
5.332326329612731934e+04 3.653012362614348945e+02
5.334690170836448669e+04 3.653012362614348945e+02
5.340235846781730652e+04 3.653012362614348945e+02
5.342969257140159607e+04 3.653012362614348945e+02
5.347409513044357300e+04 3.653012362614348945e+02
5.349756905746459961e+04 3.653012362614348945e+02
5.351960209107398987e+04 3.653012362614348945e+02
5.354539956593513489e+04 3.653012362614348945e+02
5.356714265441894531e+04 3.653012362614348945e+02
5.360267176294326782e+04 3.653012362614348945e+02
5.367080951833724976e+04 3.653012362614348945e+02
5.369632095456123352e+04 3.653012362614348945e+02
5.371902025198936462e+04 3.653012362614348945e+02
5.374029955434799194e+04 3.653012362614348945e+02
5.385153624033927917e+04 3.653012362614348945e+02
5.392207746315002441e+04 3.653012362614348945e+02
5.395077016568183899e+04 3.653012362614348945e+02
5.397536478805541992e+04 3.653012362614348945e+02
5.399733145189285278e+04 3.653012362614348945e+02
5.402006951260566711e+04 3.653012362614348945e+02
5.409077193951606750e+04 3.653266381850218067e+02
5.412228222537040710e+04 3.653266381850218067e+02
5.427560047698020935e+04 3.653266381850218067e+02
5.430141143774986267e+04 3.653266381850218067e+02
5.432405498981475830e+04 3.653266381850218067e+02
5.434767620921134949e+04 3.653266381850218067e+02
5.437355769348144531e+04 3.653266381850218067e+02
5.440279209709167480e+04 3.653266381850218067e+02
5.443411275768280029e+04 3.653266381850218067e+02
5.445942116951942444e+04 3.653266381850218067e+02
5.448094604110717773e+04 3.653266381850218067e+02
5.450631661725044250e+04 3.653266381850218067e+02
5.457466414141654968e+04 3.653266381850218067e+02
5.461009174323081970e+04 3.653266381850218067e+02
5.463936635375022888e+04 3.653266381850218067e+02
5.466337656044960022e+04 3.653266381850218067e+02
5.468454998683929443e+04 3.653266381850218067e+02
5.470929339671134949e+04 3.653266381850218067e+02
5.474331275200843811e+04 3.653266381850218067e+02
5.476696130013465881e+04 3.653266381850218067e+02
5.505602754735946655e+04 3.653266381850218067e+02
5.507813043904304504e+04 3.653266381850218067e+02
5.509958284282684326e+04 3.653266381850218067e+02
5.512470245885848999e+04 3.653266381850218067e+02
5.520289372038841248e+04 3.653266381850218067e+02
5.523894998526573181e+04 3.653266381850218067e+02
5.526204895067214966e+04 3.653266381850218067e+02
5.528706928753852844e+04 3.653266381850218067e+02
5.530757310509681702e+04 3.653266381850218067e+02
5.533084109640121460e+04 3.653266381850218067e+02
5.542125529718399048e+04 3.653266381850218067e+02
5.544474483895301819e+04 3.653266381850218067e+02
5.548843153572082520e+04 3.653266381850218067e+02
5.550910516262054443e+04 3.653266381850218067e+02
5.553191518449783325e+04 3.653266381850218067e+02
5.555602386713027954e+04 3.653266381850218067e+02
5.558845518851280212e+04 3.653266381850218067e+02
5.563008797144889832e+04 3.653266381850218067e+02
5.565717887544631958e+04 3.653266381850218067e+02
5.568351726341247559e+04 3.653266381850218067e+02
5.570452701902389526e+04 3.653266381850218067e+02
5.572730507063865662e+04 3.653266381850218067e+02
5.582069057822227478e+04 3.653266381850218067e+02
5.585777175784111023e+04 3.653266381850218067e+02
5.589104478025436401e+04 3.653266381850218067e+02
5.590928580737113953e+04 3.653266381850218067e+02
5.592824984502792358e+04 3.653266381850218067e+02
5.595156029987335205e+04 3.653266381850218067e+02
5.597638355302810669e+04 3.653266381850218067e+02
5.601163344836235046e+04 3.653266381850218067e+02
5.603344821739196777e+04 3.653266381850218067e+02
5.605629802274703979e+04 3.653266381850218067e+02
5.607826076793670654e+04 3.653266381850218067e+02
5.610215179419517517e+04 3.653266381850218067e+02
5.617985354852676392e+04 3.653266381850218067e+02
5.630317039895057678e+04 3.653266381850218067e+02
5.633741830849647522e+04 3.653266381850218067e+02
5.636428651452064514e+04 3.653266381850218067e+02
5.638702565670013428e+04 3.653266381850218067e+02
5.640715802097320557e+04 3.653266381850218067e+02
5.647489703726768494e+04 3.653266381850218067e+02
5.650294182610511780e+04 3.653266381850218067e+02
5.652465782332420349e+04 3.653266381850218067e+02
5.655022527909278870e+04 3.653266381850218067e+02
5.657455178022384644e+04 3.653266381850218067e+02
5.659296341586112976e+04 3.653266381850218067e+02
5.669680478262901306e+04 3.653266381850218067e+02
5.672104171991348267e+04 3.653266381850218067e+02
5.675534593129158020e+04 3.653266381850218067e+02
5.678016429805755615e+04 3.653266381850218067e+02
5.680586075949668884e+04 3.653266381850218067e+02
5.683146407794952393e+04 3.653266381850218067e+02
5.688833698415756226e+04 3.653266381850218067e+02
5.691035411715507507e+04 3.653266381850218067e+02
5.693197553205490112e+04 3.653266381850218067e+02
5.695489582300186157e+04 3.653266381850218067e+02
5.697663930034637451e+04 3.653266381850218067e+02
5.699966118192672729e+04 3.653266381850218067e+02
5.702799359965324402e+04 3.653266381850218067e+02
5.704971481132507324e+04 3.653266381850218067e+02
5.708412802767753601e+04 3.653266381850218067e+02
5.710221206116676331e+04 3.653266381850218067e+02
5.712734885525703430e+04 3.653266381850218067e+02
5.714883656239509583e+04 3.653266381850218067e+02
5.722646477794647217e+04 3.653266381850218067e+02
5.726153627085685730e+04 3.653266381850218067e+02
5.728254374337196350e+04 3.653266381850218067e+02
5.730842931604385376e+04 3.653266381850218067e+02
5.733039615225791931e+04 3.653266381850218067e+02
5.735490096640586853e+04 3.653266381850218067e+02
5.738795441079139709e+04 3.653266381850218067e+02
5.754283106541633606e+04 3.653266381850218067e+02
5.757114043354988098e+04 3.653266381850218067e+02
5.759737455272674561e+04 3.653266381850218067e+02
5.762007205963134766e+04 3.653266381850218067e+02
5.764369496393203735e+04 3.653266381850218067e+02
5.771313497638702393e+04 3.653266381850218067e+02
5.774779768180847168e+04 3.653266381850218067e+02
5.779848550677299500e+04 3.653266381850218067e+02
5.782397183752059937e+04 3.653266381850218067e+02
5.784740688371658325e+04 3.653266381850218067e+02
5.787127768349647522e+04 3.653266381850218067e+02
5.794066878843307495e+04 3.653266381850218067e+02
5.797533985137939453e+04 3.653266381850218067e+02
5.801177706408500671e+04 3.653266381850218067e+02
5.803596719312667847e+04 3.653266381850218067e+02
5.805567503786087036e+04 3.653266381850218067e+02
5.807952248978614807e+04 3.653266381850218067e+02
5.810195197319984436e+04 3.653266381850218067e+02
5.820108970475196838e+04 3.653266381850218067e+02
5.822270616912841797e+04 3.653266381850218067e+02
5.824937302803993225e+04 3.653266381850218067e+02
5.827269371104240417e+04 3.653266381850218067e+02
5.829517009592056274e+04 3.653266381850218067e+02
5.832344168758392334e+04 3.653266381850218067e+02
5.838655683851242065e+04 3.653266381850218067e+02
5.841651986861228943e+04 3.653266381850218067e+02
5.843860909056663513e+04 3.653266381850218067e+02
5.846368722510337830e+04 3.653266381850218067e+02
5.848712906217575073e+04 3.653266381850218067e+02
5.855115918874740601e+04 3.653266381850218067e+02
5.858661609339714050e+04 3.653266381850218067e+02
5.860796544146537781e+04 3.653266381850218067e+02
5.863045138716697693e+04 3.653266381850218067e+02
5.865433975505828857e+04 3.653266381850218067e+02
5.867700968742370605e+04 3.653266381850218067e+02
5.870536046910285950e+04 3.653266381850218067e+02
5.874039467024803162e+04 3.653266381850218067e+02
5.877571877169609070e+04 3.653266381850218067e+02
5.879963333058357239e+04 3.653266381850218067e+02
5.882034766173362732e+04 3.653266381850218067e+02
5.884174228382110596e+04 3.653266381850218067e+02
5.887671674108505249e+04 3.653266381850218067e+02
5.903455506205558777e+04 3.653266381850218067e+02
5.905678597664833069e+04 3.653266381850218067e+02
5.907875900244712830e+04 3.653266381850218067e+02
5.910145409679412842e+04 3.653266381850218067e+02
5.912517304873466492e+04 3.653266381850218067e+02
5.920947567415237427e+04 3.653266381850218067e+02
5.923516822481155396e+04 3.653266381850218067e+02
5.927113303017616272e+04 3.653881860599740321e+02
5.929412311387062073e+04 3.653881860599740321e+02
5.931747778344154358e+04 3.653881860599740321e+02
5.933953442835807800e+04 3.653881860599740321e+02
5.937217677450180054e+04 3.653881860599740321e+02
5.940716966485977173e+04 3.653881860599740321e+02
5.942878008222579956e+04 3.653881860599740321e+02
5.945205347275733948e+04 3.653881860599740321e+02
5.947773049259185791e+04 3.653881860599740321e+02
5.950192727947235107e+04 3.653881860599740321e+02
5.953963966798782349e+04 3.653881860599740321e+02
5.956124728178977966e+04 3.653881860599740321e+02
5.958926969885826111e+04 3.653881860599740321e+02
5.960937064242362976e+04 3.653881860599740321e+02
5.963265352725982666e+04 3.653881860599740321e+02
5.965592916679382324e+04 3.653881860599740321e+02
5.968890592026710510e+04 3.653881860599740321e+02
5.971706990242004395e+04 3.653881860599740321e+02
5.973881253957748413e+04 3.654068136094221586e+02
5.976421289753913879e+04 3.654068136094221586e+02
5.978626607894897461e+04 3.654068136094221586e+02
5.981061552429199219e+04 3.654068136094221586e+02
5.991465912890434265e+04 3.654068136094221586e+02
5.993634026122093201e+04 3.654812545032194748e+02
5.996668654823303223e+04 3.654812545032194748e+02
5.999306263947486877e+04 3.654812545032194748e+02
6.001497249889373779e+04 3.654812545032194748e+02
6.003518859267234802e+04 3.654812545032194748e+02
6.006016344046592712e+04 3.654812545032194748e+02
6.067191544079780579e+04 3.654812545032194748e+02
6.069619483375549316e+04 3.654812545032194748e+02
6.071880637502670288e+04 3.654812545032194748e+02
6.074313551831245422e+04 3.654812545032194748e+02
6.076851529741287231e+04 3.654812545032194748e+02
6.079418485331535339e+04 3.654812545032194748e+02
6.084345422053337097e+04 3.654812545032194748e+02
6.086465874338150024e+04 3.654812545032194748e+02
6.088372083950042725e+04 3.654812545032194748e+02
6.090509568119049072e+04 3.654812545032194748e+02
6.092915614628791809e+04 3.654812545032194748e+02
6.095117553305625916e+04 3.654812545032194748e+02
6.098602538895606995e+04 3.654869120955927428e+02
6.100842849326133728e+04 3.654869120955927428e+02
6.103230862522125244e+04 3.654869120955927428e+02
6.105712108445167542e+04 3.654869120955927428e+02
6.108070807838439941e+04 3.654869120955927428e+02
6.111839516615867615e+04 3.654869120955927428e+02
6.113374475979804993e+04 3.654869120955927428e+02
6.116753819751739502e+04 3.654869120955927428e+02
6.119026034331321716e+04 3.654869120955927428e+02
6.121341907978057861e+04 3.654869120955927428e+02
6.123836518788337708e+04 3.654869120955927428e+02
6.131531367754936218e+04 3.654869120955927428e+02
6.134554658079147339e+04 3.654869120955927428e+02
6.169012586951255798e+04 3.654869120955927428e+02
6.171551773667335510e+04 3.654869120955927428e+02
6.173730145120620728e+04 3.654869120955927428e+02
6.176413924241065979e+04 3.654869120955927428e+02
6.179823810815811157e+04 3.654869120955927428e+02
6.181952505683898926e+04 3.654869120955927428e+02
6.185070941019058228e+04 3.654869120955927428e+02
6.187772362351417542e+04 3.654869120955927428e+02
6.190086632585525513e+04 3.654869120955927428e+02
6.192581663084030151e+04 3.654869120955927428e+02
6.200168500828742981e+04 3.654971739053211763e+02
6.203913022017478943e+04 3.654971739053211763e+02
6.587990765595436096e+04 3.654971739053211763e+02
6.590062732148170471e+04 3.654971739053211763e+02
6.592334546971321106e+04 3.654971739053211763e+02
6.594006113338470459e+04 3.654971739053211763e+02
6.599610768699645996e+04 3.654971739053211763e+02
6.608655416297912598e+04 3.654971739053211763e+02
6.624450804662704468e+04 3.654971739053211763e+02
6.627155038452148438e+04 3.654971739053211763e+02
6.629588423109054565e+04 3.654971739053211763e+02
6.632109610629081726e+04 3.654971739053211763e+02
6.640883716225624084e+04 3.654971739053211763e+02
6.738166331028938293e+04 3.654971739053211763e+02
6.743657770204544067e+04 3.654971739053211763e+02
6.746286493158340454e+04 3.654971739053211763e+02
6.748819891619682312e+04 3.654971739053211763e+02
6.751055552911758423e+04 3.654971739053211763e+02
6.761770092082023621e+04 3.654971739053211763e+02
6.771179386448860168e+04 3.654971739053211763e+02
6.774539083147048950e+04 3.654971739053211763e+02
6.776842515778541565e+04 3.654971739053211763e+02
6.779224247431755066e+04 3.654971739053211763e+02
6.781605380892753601e+04 3.654971739053211763e+02
6.789042640161514282e+04 3.654971739053211763e+02
6.791327521491050720e+04 3.654971739053211763e+02
6.798787277507781982e+04 3.655096769522033355e+02
6.801432648777961731e+04 3.655096769522033355e+02
6.803778939604759216e+04 3.655096769522033355e+02
6.805966011691093445e+04 3.655096769522033355e+02
6.809491164946556091e+04 3.655096769522033355e+02
6.817017984795570374e+04 3.655096769522033355e+02
6.821875965690612793e+04 3.655096769522033355e+02
6.824375972747802734e+04 3.655096769522033355e+02
6.826103451228141785e+04 3.655096769522033355e+02
6.828345697450637817e+04 3.655096769522033355e+02
6.835815594935417175e+04 3.655096769522033355e+02
6.856845699262619019e+04 3.655096769522033355e+02
6.864109137368202209e+04 3.655105311894032525e+02
6.866906125092506409e+04 3.655105311894032525e+02
6.869732393360137939e+04 3.655105311894032525e+02
6.872408843135833740e+04 3.655105311894032525e+02
6.879671019268035889e+04 3.655105311894032525e+02
6.886848266458511353e+04 3.655105311894032525e+02
6.890406165266036987e+04 3.655105311894032525e+02
6.892939128160476685e+04 3.655105311894032525e+02
6.895178512382507324e+04 3.655105311894032525e+02
6.897400600886344910e+04 3.655105311894032525e+02
6.905005552864074707e+04 3.655105311894032525e+02
6.908848052477836609e+04 3.655105311894032525e+02
6.921398579978942871e+04 3.655105311894032525e+02
6.923906240081787109e+04 3.655105311894032525e+02
6.926444452929496765e+04 3.655105311894032525e+02
6.929056955242156982e+04 3.655105311894032525e+02
6.931630309796333313e+04 3.655105311894032525e+02
6.939139451456069946e+04 3.655105311894032525e+02
6.943282109284400940e+04 3.655105311894032525e+02
6.945787218999862671e+04 3.655105311894032525e+02
6.947972545218467712e+04 3.655105311894032525e+02
6.950787982988357544e+04 3.655105311894032525e+02
6.958395402407646179e+04 3.655105311894032525e+02
6.966052777767181396e+04 3.655105311894032525e+02
6.974444833207130432e+04 3.655105311894032525e+02
6.977240859889984131e+04 3.655105311894032525e+02
6.978959300017356873e+04 3.655105311894032525e+02
6.981585107684135437e+04 3.655105311894032525e+02
6.984383739948272705e+04 3.655105311894032525e+02
6.991905925989151001e+04 3.655105311894032525e+02
6.994732589149475098e+04 3.655105311894032525e+02
6.997136105346679688e+04 3.655105311894032525e+02
6.999273360705375671e+04 3.655105311894032525e+02
7.001296127843856812e+04 3.655105311894032525e+02
7.008622240853309631e+04 3.655105311894032525e+02
7.015969245862960815e+04 3.655105311894032525e+02
7.023631827759742737e+04 3.655105311894032525e+02
7.026503942179679871e+04 3.655105311894032525e+02
7.028740120720863342e+04 3.655105311894032525e+02
7.031474609780311584e+04 3.655105311894032525e+02
7.034300030612945557e+04 3.655105311894032525e+02
7.041458385133743286e+04 3.655105311894032525e+02
7.044728199505805969e+04 3.655105311894032525e+02
7.047154823613166809e+04 3.655105311894032525e+02
7.049309044599533081e+04 3.655105311894032525e+02
7.052170718383789062e+04 3.655105311894032525e+02
7.059713724994659424e+04 3.655769415801003106e+02
7.221424855494499207e+04 3.655769415801003106e+02
7.226342986965179443e+04 3.655769415801003106e+02
7.229024202537536621e+04 3.655769415801003106e+02
7.231261821842193604e+04 3.655769415801003106e+02
7.233733235621452332e+04 3.655769415801003106e+02
7.241302683472633362e+04 3.655769415801003106e+02
7.248857880902290344e+04 3.655769415801003106e+02
7.255711898398399353e+04 3.655769415801003106e+02
7.257963492655754089e+04 3.655769415801003106e+02
7.260193913626670837e+04 3.655769415801003106e+02
7.262855670022964478e+04 3.655769415801003106e+02
7.271255219960212708e+04 3.655769415801003106e+02
7.274878928685188293e+04 3.655769415801003106e+02
7.285390662574768066e+04 3.655769415801003106e+02
7.287949578809738159e+04 3.655769415801003106e+02
7.290802097320556641e+04 3.655769415801003106e+02
7.293556432461738586e+04 3.655769415801003106e+02
7.299118906521797180e+04 3.655769415801003106e+02
7.309114746856689453e+04 3.655769415801003106e+02
7.310950517821311951e+04 3.655769415801003106e+02
7.313363768148422241e+04 3.655769415801003106e+02
7.315820098471641541e+04 3.655769415801003106e+02
7.318049419450759888e+04 3.655769415801003106e+02
7.325057821869850159e+04 3.655769415801003106e+02
7.334881337928771973e+04 3.655769415801003106e+02
7.342614512157440186e+04 3.655769415801003106e+02
7.345534906458854675e+04 3.655769415801003106e+02
7.347859093523025513e+04 3.655769415801003106e+02
7.350688563394546509e+04 3.655769415801003106e+02
7.353537360429763794e+04 3.655769415801003106e+02
7.361285162281990051e+04 3.655769415801003106e+02
7.364875775408744812e+04 3.655769415801003106e+02
7.367295137023925781e+04 3.655769415801003106e+02
7.369687323665618896e+04 3.655769415801003106e+02
7.371557990407943726e+04 3.655769415801003106e+02
7.379210558247566223e+04 3.655769415801003106e+02
7.382102407860755920e+04 3.655769415801003106e+02
7.390008116054534912e+04 3.655769415801003106e+02
7.391862413692474365e+04 3.655769415801003106e+02
7.394059857892990112e+04 3.655769415801003106e+02
7.396184312868118286e+04 3.655769415801003106e+02
7.399524056744575500e+04 3.655769415801003106e+02
7.407169162368774414e+04 3.655769415801003106e+02
7.411127740168571472e+04 3.655769415801003106e+02
7.414052664828300476e+04 3.655769415801003106e+02
7.416906836915016174e+04 3.655769415801003106e+02
7.419557246446609497e+04 3.655769415801003106e+02
7.427093268656730652e+04 3.655769415801003106e+02
7.432042441225051880e+04 3.655769415801003106e+02
7.436107940292358398e+04 3.655769415801003106e+02
7.438968900871276855e+04 3.655769415801003106e+02
7.441316696023941040e+04 3.655769415801003106e+02
7.443895360064506531e+04 3.655769415801003106e+02
7.447494721174240112e+04 3.655769415801003106e+02
7.455277490305900574e+04 3.655769415801003106e+02
7.459086241650581360e+04 3.655769415801003106e+02
7.461277493500709534e+04 3.655769415801003106e+02
7.463551542520523071e+04 3.655769415801003106e+02
7.466154575753211975e+04 3.655769415801003106e+02
7.473776951599121094e+04 3.655769415801003106e+02
7.477267453408241272e+04 3.655769415801003106e+02
7.481494477558135986e+04 3.655769415801003106e+02
7.483942330265045166e+04 3.655769415801003106e+02
7.486207136559486389e+04 3.655769415801003106e+02
7.488955414819717407e+04 3.655769415801003106e+02
7.493021783781051636e+04 3.655769415801003106e+02
7.500658016514778137e+04 3.655769415801003106e+02
7.510392378902435303e+04 3.655769415801003106e+02
7.513208729410171509e+04 3.655769415801003106e+02
7.515423752999305725e+04 3.655769415801003106e+02
7.518223894977569580e+04 3.655769415801003106e+02
7.525488418579101562e+04 3.655769415801003106e+02
7.528701397109031677e+04 3.655769415801003106e+02
7.536592913007736206e+04 3.655769415801003106e+02
7.539093711042404175e+04 3.655769415801003106e+02
7.540931799125671387e+04 3.655769415801003106e+02
7.543188123893737793e+04 3.655769415801003106e+02
7.548787934255599976e+04 3.655769415801003106e+02
7.553870869874954224e+04 3.655769415801003106e+02
7.558714073896408081e+04 3.655769415801003106e+02
7.561618116903305054e+04 3.655769415801003106e+02
7.564491871523857117e+04 3.655769415801003106e+02
7.567189227294921875e+04 3.655769415801003106e+02
7.576161243987083435e+04 3.655769415801003106e+02
7.580959905529022217e+04 3.655769415801003106e+02
7.588838885307312012e+04 3.655769415801003106e+02
7.591144823241233826e+04 3.655769415801003106e+02
7.593604028034210205e+04 3.655769415801003106e+02
7.596285133671760559e+04 3.655769415801003106e+02
7.598945576739311218e+04 3.655769415801003106e+02
7.606649360132217407e+04 3.655769415801003106e+02
7.612156342220306396e+04 3.655769415801003106e+02
7.614657942581176758e+04 3.655769415801003106e+02
7.617173901224136353e+04 3.655769415801003106e+02
7.619863332986831665e+04 3.655769415801003106e+02
7.627634726762771606e+04 3.655769415801003106e+02
7.631497514271736145e+04 3.655769415801003106e+02
7.647418229198455811e+04 3.655769415801003106e+02
7.650313934707641602e+04 3.655769415801003106e+02
7.652654657888412476e+04 3.655769415801003106e+02
7.655320200872421265e+04 3.655769415801003106e+02
7.666782514333724976e+04 3.655769415801003106e+02
7.670873056197166443e+04 3.655769415801003106e+02
7.674529105877876282e+04 3.655769415801003106e+02
7.677196466851234436e+04 3.655769415801003106e+02
7.679417256546020508e+04 3.655769415801003106e+02
7.682201487421989441e+04 3.655769415801003106e+02
7.691264317297935486e+04 3.655769415801003106e+02
7.756901036691665649e+04 3.655769415801003106e+02
7.764759942865371704e+04 3.655769415801003106e+02
7.767051217699050903e+04 3.655769415801003106e+02
7.769325394296646118e+04 3.655769415801003106e+02
7.771821167659759521e+04 3.655769415801003106e+02
7.783325776076316833e+04 3.655769415801003106e+02
7.790863630080223083e+04 3.655769415801003106e+02
7.793045782709121704e+04 3.655769415801003106e+02
7.795582911849021912e+04 3.655769415801003106e+02
7.798444297337532043e+04 3.655769415801003106e+02
7.801040896654129028e+04 3.655769415801003106e+02
7.807285431909561157e+04 3.655769415801003106e+02
7.827041885566711426e+04 3.655769415801003106e+02
