6.450493291804800577e+00 -9.200833333333333997e+01
5.989391522179428051e+00 -9.165833333333333144e+01
4.164679940754259846e+00 -8.990000000000000568e+01
5.234924559916883879e+00 -9.157499999999998863e+01
4.399033054106897822e+00 -8.996666666666666856e+01
4.756598077291587678e+00 -9.075000000000000000e+01
4.140696552546414111e+00 -1.003333333333333321e+01
5.019751682409737903e+00 -9.134999999999999432e+01
4.484456441905429358e+00 -9.032500000000000284e+01
4.978066334083620426e+00 -9.114166666666666572e+01
