4.978066334083620426e+00 -9.114166666666666572e+01
4.164679940754259846e+00 -9.036666666666666003e+01
5.124755208416634567e+00 -9.179166666666667140e+01
4.114644338902278875e+00 -8.996666666666666856e+01
5.591275021832873726e+00 -9.248333333333333428e+01
4.026778328659529116e+00 -8.466666666666667140e+01
4.984909684147805109e+00 -9.145833333333332860e+01
4.058084224750924562e+00 -8.948333333333333428e+01
4.269185932813951645e+00 -9.090000000000000568e+01
5.133535715016698475e+00 -9.219166666666667709e+01
4.851600755829601042e+00 -9.101666666666666572e+01
