4.164679940754259846e+00 -9.036666666666666003e+01
4.114644338902278875e+00 -8.996666666666666856e+01
5.591275021832873726e+00 -9.248333333333333428e+01
4.026778328659529116e+00 -8.466666666666667140e+01
4.984909684147805109e+00 -9.145833333333332860e+01
4.058084224750924562e+00 -8.948333333333333428e+01
4.269185932813951645e+00 -9.090000000000000568e+01
4.970430565175467663e+00 -9.135833333333333428e+01
4.756255648754233789e+00 -9.108333333333334281e+01
5.118605280509703981e+00 -9.230833333333333712e+01
4.616549027892956403e+00 -9.103333333333333144e+01
4.041511112959323526e+00 -8.915833333333333144e+01
5.109305128663245377e+00 -9.206666666666666288e+01
