4.978066334083620426e+00 -9.114166666666666572e+01
4.087284391453761323e+00 -8.941666666666667140e+01
5.145597251766280245e+00 -9.215833333333333144e+01
4.164679940754259846e+00 -9.036666666666666003e+01
5.124755208416634567e+00 -9.179166666666667140e+01
4.536078433496973261e+00 -9.086666666666666003e+01
4.114644338902278875e+00 -8.996666666666666856e+01
5.591275021832873726e+00 -9.248333333333333428e+01
4.026778328659529116e+00 -8.466666666666667140e+01
5.140398041359617309e+00 -9.192499999999999716e+01
4.984909684147805109e+00 -9.145833333333332860e+01
4.058084224750924562e+00 -8.871666666666666856e+01
4.748203537246443950e+00 -9.087500000000000000e+01
