4.164679940754259846e+00 -9.036666666666666003e+01
5.124755208416634567e+00 -9.179166666666667140e+01
4.114644338902278875e+00 -8.996666666666666856e+01
5.591275021832873726e+00 -9.248333333333333428e+01
4.026778328659529116e+00 -8.466666666666667140e+01
4.984909684147805109e+00 -9.145833333333332860e+01
4.058084224750924562e+00 -8.948333333333333428e+01
4.269185932813951645e+00 -9.090000000000000568e+01
5.133535715016698475e+00 -9.219166666666667709e+01
5.425134629261404662e+00 -9.220000000000000284e+01
5.122196211662322973e+00 -9.154999999999999716e+01
4.970430565175467663e+00 -9.135833333333333428e+01
4.756255648754233789e+00 -9.108333333333334281e+01
