4.926186275482177734e+01 2.178353646514111830e+01
9.331450636386871338e+02 2.245445185015392298e+01
9.619275150299072266e+02 2.691399231113658175e+01
1.049745787620544434e+03 2.693595487897046681e+01
1.171422174930572510e+03 2.693595487897046681e+01
1.259387513399124146e+03 2.693595487897046681e+01
1.293189826011657715e+03 2.701716825967115909e+01
1.666943653106689453e+03 2.701716825967115909e+01
1.692613236188888550e+03 2.757653676083935324e+01
1.811381064653396606e+03 3.823014363187046172e+01
1.899601861476898193e+03 3.823014363187046172e+01
2.094783034563064575e+03 3.823014363187046172e+01
2.468931174278259277e+03 3.850366574290418242e+01
2.503589820623397827e+03 3.850366574290418242e+01
2.538709053754806519e+03 3.850366574290418242e+01
2.646752678871154785e+03 3.292013809109804470e+02
2.765648316144943237e+03 3.292013809109804470e+02
2.873783223152160645e+03 3.292013809109804470e+02
2.938925573348999023e+03 3.292013809109804470e+02
2.972451255798339844e+03 3.292013809109804470e+02
3.103656954050064087e+03 3.333530160630853061e+02
3.182560296058654785e+03 3.333530160630853061e+02
3.269140082359313965e+03 3.333530160630853061e+02
3.337885174512863159e+03 3.339749077180489394e+02
3.719616227388381958e+03 3.339749077180489394e+02
3.747742916584014893e+03 3.339749077180489394e+02
3.857786196708679199e+03 3.339749077180489394e+02
3.952818637132644653e+03 3.370623999372361368e+02
4.026126485824584961e+03 3.370623999372361368e+02
4.125131419658660889e+03 3.370623999372361368e+02
4.154808883666992188e+03 3.370623999372361368e+02
4.179774814605712891e+03 3.370623999372361368e+02
4.310335178136825562e+03 3.370623999372361368e+02
4.603486556053161621e+03 3.370623999372361368e+02
4.679597620725631714e+03 3.370623999372361368e+02
4.778291332244873047e+03 3.370623999372361368e+02
4.812675496578216553e+03 3.370623999372361368e+02
4.839566477298736572e+03 3.370623999372361368e+02
4.931824981212615967e+03 3.370623999372361368e+02
5.013005289316177368e+03 3.370623999372361368e+02
5.083031924962997437e+03 3.370623999372361368e+02
5.158306713819503784e+03 3.370749555446847694e+02
5.541562887907028198e+03 3.370749555446847694e+02
5.569738347291946411e+03 3.370749555446847694e+02
5.678075542926788330e+03 3.370749555446847694e+02
6.847924407243728638e+03 3.370749555446847694e+02
6.923945964813232422e+03 3.370749555446847694e+02
6.992668943881988525e+03 3.370796796274298117e+02
7.021216567516326904e+03 3.370796796274298117e+02
7.049568181514739990e+03 3.370796796274298117e+02
7.148764639616012573e+03 3.370796796274298117e+02
7.222216747999191284e+03 3.370796796274298117e+02
7.291060393095016479e+03 3.370796796274298117e+02
7.378621770381927490e+03 3.391059510537600659e+02
7.439613369464874268e+03 3.391059510537600659e+02
7.467616005420684814e+03 3.391059510537600659e+02
7.566449731349945068e+03 3.391059510537600659e+02
7.635132012844085693e+03 3.391059510537600659e+02
7.729174501657485962e+03 3.391697147476789951e+02
7.798047466993331909e+03 3.391697147476789951e+02
7.826794651508331299e+03 3.391697147476789951e+02
7.932203251361846924e+03 3.391697147476789951e+02
7.963399210929870605e+03 3.391697147476789951e+02
8.058526003360748291e+03 3.391697147476789951e+02
8.127357366800308228e+03 3.391697147476789951e+02
8.223536538124084473e+03 3.393705514800506648e+02
8.251382487535476685e+03 3.393705514800506648e+02
8.285194787502288818e+03 3.393705514800506648e+02
8.386190597057342529e+03 3.393705514800506648e+02
8.621295917510986328e+03 3.487140927044413843e+02
8.717247067213058472e+03 3.487140927044413843e+02
8.816935944080352783e+03 3.487140927044413843e+02
8.845441071987152100e+03 3.487140927044413843e+02
8.874168092250823975e+03 3.487140927044413843e+02
8.911632625341415405e+03 3.487140927044413843e+02
9.077669424533843994e+03 3.487140927044413843e+02
9.177391998052597046e+03 3.487140927044413843e+02
9.273629997491836548e+03 3.487309458825002366e+02
9.381329579353332520e+03 3.487309458825002366e+02
9.408342383623123169e+03 3.487309458825002366e+02
9.506988652944564819e+03 3.487309458825002366e+02
9.738053854465484619e+03 3.487309458825002366e+02
9.857526262044906616e+03 3.487309458825002366e+02
9.953699462652206421e+03 3.487309458825002366e+02
1.007705343437194824e+04 3.487309458825002366e+02
1.012447138738632202e+04 3.487309458825002366e+02
1.015704418683052063e+04 3.517028093808908693e+02
1.031094785904884338e+04 3.517028093808908693e+02
1.052450800728797913e+04 3.517028093808908693e+02
1.062348389673233032e+04 3.550797154213867657e+02
1.073018816494941711e+04 3.550797154213867657e+02
1.083274353766441345e+04 3.550797154213867657e+02
1.086560380029678345e+04 3.550797154213867657e+02
1.096247412204742432e+04 3.550797154213867657e+02
1.106220065808296204e+04 3.550797154213867657e+02
1.115943556380271912e+04 3.550797154213867657e+02
1.128660998868942261e+04 3.550797154213867657e+02
1.131465652823448181e+04 3.550797154213867657e+02
1.134786296248435974e+04 3.550797154213867657e+02
1.144684011816978455e+04 3.550797154213867657e+02
1.156991607260704041e+04 3.550797154213867657e+02
1.166966489386558533e+04 3.550822371062128013e+02
1.177720744466781616e+04 3.550822371062128013e+02
1.181419131112098694e+04 3.550822371062128013e+02
1.190829777717590332e+04 3.550822371062128013e+02
1.214080395627021790e+04 3.550822371062128013e+02
1.237293970370292664e+04 3.550822371062128013e+02
1.260176500296592712e+04 3.550822371062128013e+02
1.263915255761146545e+04 3.550822371062128013e+02
1.266708955311775208e+04 3.550822371062128013e+02
1.270071400642395020e+04 3.550822371062128013e+02
1.280269705986976624e+04 3.550822371062128013e+02
1.292610885214805603e+04 3.550822371062128013e+02
1.315008017849922180e+04 3.550822371062128013e+02
1.318926171326637268e+04 3.550822371062128013e+02
1.322365117859840393e+04 3.550822371062128013e+02
1.325625683164596558e+04 3.550822371062128013e+02
1.345314984083175659e+04 3.550822371062128013e+02
1.357756978321075439e+04 3.550822371062128013e+02
1.380919803714752197e+04 3.550822371062128013e+02
1.384827656698226929e+04 3.550822371062128013e+02
1.387451349639892578e+04 3.550822371062128013e+02
1.390712979030609131e+04 3.550822371062128013e+02
1.400650196170806885e+04 3.550822371062128013e+02
1.423812396168708801e+04 3.550822371062128013e+02
1.433620518255233765e+04 3.550822371062128013e+02
1.436871937656402588e+04 3.550822371062128013e+02
1.439752325677871704e+04 3.550822371062128013e+02
1.442942276477813721e+04 3.550822371062128013e+02
1.453280919647216797e+04 3.550822371062128013e+02
1.463172295975685120e+04 3.550822371062128013e+02
1.473497177910804749e+04 3.550822371062128013e+02
1.476849589729309082e+04 3.550822371062128013e+02
1.480307434606552124e+04 3.550822371062128013e+02
1.483679093575477600e+04 3.550822371062128013e+02
1.493571107792854309e+04 3.550822371062128013e+02
1.501474241447448730e+04 3.550822371062128013e+02
1.511685007309913635e+04 3.550822371062128013e+02
1.515054625320434570e+04 3.550822371062128013e+02
1.518512739396095276e+04 3.550822371062128013e+02
1.521847486543655396e+04 3.550822371062128013e+02
1.531970278167724609e+04 3.550822371062128013e+02
1.542179257822036743e+04 3.555839322308772807e+02
1.552318960380554199e+04 3.555839322308772807e+02
1.555559647440910339e+04 3.555839322308772807e+02
1.558809323382377625e+04 3.555839322308772807e+02
1.562034952616691589e+04 3.555839322308772807e+02
1.571759863376617432e+04 3.555839322308772807e+02
1.581752733731269836e+04 3.555839322308772807e+02
1.591727529716491699e+04 3.586516556526955810e+02
1.595078309178352356e+04 3.586516556526955810e+02
1.598446081757545471e+04 3.589363663303288945e+02
1.601707048726081848e+04 3.589363663303288945e+02
1.612099499058723450e+04 3.589363663303288945e+02
1.621719488787651062e+04 3.589383455426588512e+02
1.631818283319473267e+04 3.589383455426588512e+02
1.635171069145202637e+04 3.589383455426588512e+02
1.638641747641563416e+04 3.614603565031218295e+02
1.641916622281074524e+04 3.614603565031218295e+02
1.652631689047813416e+04 3.614747990692850976e+02
1.662902622127532959e+04 3.614747990692850976e+02
1.672791284966468811e+04 3.614826654841767208e+02
1.676065115976333618e+04 3.614826654841767208e+02
1.679452648091316223e+04 3.614826654841767208e+02
1.682717796230316162e+04 3.614826654841767208e+02
1.693036902976036072e+04 3.614826654841767208e+02
1.702441438221931458e+04 3.614846309397978530e+02
1.714239513778686523e+04 3.614846309397978530e+02
1.717915115451812744e+04 3.614846309397978530e+02
1.721248475694656372e+04 3.614846309397978530e+02
1.724455321621894836e+04 3.614846309397978530e+02
1.734144822335243225e+04 3.614861443341063705e+02
1.744198143625259399e+04 3.614861443341063705e+02
1.754295241737365723e+04 3.614861443341063705e+02
1.757747820091247559e+04 3.614861443341063705e+02
1.761051519131660461e+04 3.614861443341063705e+02
1.764384589767456055e+04 3.614861443341063705e+02
1.775685996079444885e+04 3.614921794071445902e+02
1.785608497834205627e+04 3.614921794071445902e+02
1.795365845751762390e+04 3.615046006477658125e+02
1.798613545393943787e+04 3.615046006477658125e+02
1.801766522145271301e+04 3.615046006477658125e+02
1.805028688621520996e+04 3.615046006477658125e+02
1.816920434188842773e+04 3.615046006477658125e+02
1.826934175467491150e+04 3.615046006477658125e+02
1.836841906595230103e+04 3.615046006477658125e+02
1.840295092034339905e+04 3.615046006477658125e+02
1.843683521676063538e+04 3.615046006477658125e+02
1.846890724372863770e+04 3.615046006477658125e+02
1.857070531654357910e+04 3.615046006477658125e+02
1.867162164044380188e+04 3.615046006477658125e+02
1.878476283574104309e+04 3.615046006477658125e+02
1.881895396494865417e+04 3.615046006477658125e+02
1.885318651938438416e+04 3.615046006477658125e+02
1.888447318840026855e+04 3.615046006477658125e+02
1.898420792365074158e+04 3.615046006477658125e+02
1.908547223687171936e+04 3.615046006477658125e+02
1.919398633670806885e+04 3.620660689632242679e+02
1.922550948023796082e+04 3.620660689632242679e+02
1.926043487238883972e+04 3.620660689632242679e+02
1.929494836854934692e+04 3.620660689632242679e+02
1.939488963365554810e+04 3.620698529094772766e+02
1.950714567399024963e+04 3.620698529094772766e+02
1.958750285768508911e+04 3.620698529094772766e+02
1.962069130253791809e+04 3.620698529094772766e+02
1.965312838268280029e+04 3.620698529094772766e+02
1.968441147708892822e+04 3.620698529094772766e+02
1.978405705738067627e+04 3.620701756259197737e+02
1.988391438198089600e+04 3.620701756259197737e+02
1.998103783965110779e+04 3.620701756259197737e+02
2.001288247632980347e+04 3.620701756259197737e+02
2.004797691512107849e+04 3.620701756259197737e+02
2.008060666036605835e+04 3.620701756259197737e+02
2.018831723999977112e+04 3.620701756259197737e+02
2.027918593931198120e+04 3.620743651249767368e+02
2.037321960496902466e+04 3.620743651249767368e+02
2.040388338494300842e+04 3.620743651249767368e+02
2.043804781889915466e+04 3.620743651249767368e+02
2.047054998517036438e+04 3.620743651249767368e+02
2.057027056121826172e+04 3.620743651249767368e+02
2.066274171137809753e+04 3.620743651249767368e+02
2.076106342935562134e+04 3.620743651249767368e+02
2.079143452692031860e+04 3.620743651249767368e+02
2.082459040236473083e+04 3.620773942654193434e+02
2.085618712711334229e+04 3.620773942654193434e+02
2.095078429961204529e+04 3.620773942654193434e+02
2.104483247303962708e+04 3.620773942654193434e+02
2.114457703852653503e+04 3.620773942654193434e+02
2.117708813881874084e+04 3.620773942654193434e+02
2.121066407465934753e+04 3.620773942654193434e+02
2.125105656671524048e+04 3.620773942654193434e+02
2.135074577236175537e+04 3.620773942654193434e+02
2.144343410348892212e+04 3.620773942654193434e+02
2.156715526771545410e+04 3.620773942654193434e+02
2.159955348396301270e+04 3.620773942654193434e+02
2.163400907254219055e+04 3.620773942654193434e+02
2.167118770360946655e+04 3.620773942654193434e+02
2.177079559087753296e+04 3.620773942654193434e+02
2.187062871026992798e+04 3.622252616183322402e+02
2.199053032755851746e+04 3.622252616183322402e+02
2.202219141578674316e+04 3.622252616183322402e+02
2.205286449170112610e+04 3.622252616183322402e+02
2.208413951325416565e+04 3.622256808232934304e+02
2.218387887573242188e+04 3.622256808232934304e+02
2.227658882117271423e+04 3.622256808232934304e+02
2.240003904390335083e+04 3.622256808232934304e+02
2.243156841278076172e+04 3.622256808232934304e+02
2.246879297280311584e+04 3.622438058924478241e+02
2.250142662119865417e+04 3.622438058924478241e+02
2.260240665340423584e+04 3.622438058924478241e+02
2.269600711941719055e+04 3.622438058924478241e+02
2.281602067685127258e+04 3.622438058924478241e+02
2.284854318761825562e+04 3.622438058924478241e+02
2.288614784932136536e+04 3.629578654041130790e+02
2.291753996944427490e+04 3.629578654041130790e+02
2.301058516287803650e+04 3.634182090226787523e+02
2.310411113071441650e+04 3.634514237083788544e+02
2.319670758628845215e+04 3.634514806905198725e+02
2.322823210382461548e+04 3.634514806905198725e+02
2.326187803435325623e+04 3.634514806905198725e+02
2.329449120402336121e+04 3.634514806905198725e+02
2.339371988129615784e+04 3.634573422257450943e+02
2.346716148257255554e+04 3.634573422257450943e+02
2.356640347433090210e+04 3.634608591468802388e+02
2.359792043352127075e+04 3.634608591468802388e+02
2.363811962461471558e+04 3.634608591468802388e+02
2.366852013278007507e+04 3.634608591468802388e+02
2.378057809185981750e+04 3.634608591468802388e+02
2.388874580669403076e+04 3.634608591468802388e+02
2.399398999023437500e+04 3.634716877488920659e+02
2.402553917145729065e+04 3.634716877488920659e+02
2.407008188748359680e+04 3.634716877488920659e+02
2.410461769843101501e+04 3.634716877488920659e+02
2.421116056656837463e+04 3.635011526956519674e+02
2.431205498218536377e+04 3.636738582962589703e+02
2.443099454379081726e+04 3.636738582962589703e+02
2.446830349445343018e+04 3.636738582962589703e+02
2.450216331052780151e+04 3.636738582962589703e+02
2.453456702351570129e+04 3.636738582962589703e+02
2.463087650442123413e+04 3.638147176630412218e+02
2.474976540589332581e+04 3.638147176630412218e+02
2.485185004901885986e+04 3.638147176630412218e+02
2.488535906577110291e+04 3.638147176630412218e+02
2.491862128496170044e+04 3.638147176630412218e+02
2.495123540878295898e+04 3.638147176630412218e+02
2.505605533385276794e+04 3.638147176630412218e+02
2.515578722667694092e+04 3.638147176630412218e+02
2.524919618129730225e+04 3.638147176630412218e+02
2.527963138175010681e+04 3.638147176630412218e+02
2.531795227980613708e+04 3.638147176630412218e+02
2.535120484161376953e+04 3.638147176630412218e+02
2.545074485015869141e+04 3.638147176630412218e+02
2.553196568918228149e+04 3.638737862078295962e+02
2.562460072875022888e+04 3.638737862078295962e+02
2.565752727389335632e+04 3.638737862078295962e+02
2.569089025783538818e+04 3.638737862078295962e+02
2.572268416142463684e+04 3.638737862078295962e+02
2.581557975006103516e+04 3.638737862078295962e+02
2.591531923055648804e+04 3.638737862078295962e+02
2.601168182063102722e+04 3.644604546838198758e+02
2.604817806839942932e+04 3.644604546838198758e+02
2.608783848047256470e+04 3.644604546838198758e+02
2.612047012853622437e+04 3.644604546838198758e+02
2.622894805717468262e+04 3.644604546838198758e+02
2.633089951729774475e+04 3.657544193812710773e+02
2.639795322299003601e+04 3.657544193812710773e+02
2.642955377554893494e+04 3.657544193812710773e+02
2.646088103890419006e+04 3.657544193812710773e+02
2.649350644826889038e+04 3.657544193812710773e+02
2.659643780303001404e+04 3.657544193812710773e+02
2.672167995595932007e+04 3.657544193812710773e+02
2.694425090169906616e+04 3.657544193812710773e+02
2.698090530395507812e+04 3.657544193812710773e+02
2.701199202990531921e+04 3.657544193812710773e+02
2.704404600691795349e+04 3.657544193812710773e+02
2.714611316013336182e+04 3.657544193812710773e+02
2.724822433662414551e+04 3.658172236935276374e+02
2.734794612622261047e+04 3.658172236935276374e+02
2.737993912768363953e+04 3.658172236935276374e+02
2.741160145425796509e+04 3.658172236935276374e+02
2.744424518895149231e+04 3.658172236935276374e+02
2.754618260240554810e+04 3.658172236935276374e+02
2.764591050767898560e+04 3.658172236935276374e+02
2.775257408928871155e+04 3.658172236935276374e+02
2.778328050756454468e+04 3.658172236935276374e+02
2.781415670323371887e+04 3.658172236935276374e+02
2.784679401469230652e+04 3.658172236935276374e+02
2.794165684533119202e+04 3.658172236935276374e+02
2.801925503396987915e+04 3.658172236935276374e+02
2.814826982903480530e+04 3.658172236935276374e+02
2.818056178569793701e+04 3.658172236935276374e+02
2.821343205690383911e+04 3.658172236935276374e+02
2.824606941914558411e+04 3.658172236935276374e+02
2.833816644692420959e+04 3.658793160547700722e+02
2.853277738595008850e+04 3.658793160547700722e+02
2.864601689171791077e+04 3.658793160547700722e+02
2.867755929589271545e+04 3.658793160547700722e+02
2.870909817457199097e+04 3.658793160547700722e+02
2.874175708842277527e+04 3.658793160547700722e+02
2.884151335096359253e+04 3.658793160547700722e+02
2.894365592908859253e+04 3.658793160547700722e+02
2.904337882089614868e+04 3.658793160547700722e+02
2.907535171151161194e+04 3.658793160547700722e+02
2.910831822013854980e+04 3.658793160547700722e+02
2.914152323389053345e+04 3.658793160547700722e+02
2.923358876371383667e+04 3.659580283807232490e+02
2.931435189962387085e+04 3.660386468051958104e+02
2.941927332615852356e+04 3.660386468051958104e+02
2.945126815915107727e+04 3.660386468051958104e+02
2.948267470860481262e+04 3.660386468051958104e+02
2.951531650614738464e+04 3.660386468051958104e+02
2.961705323481559753e+04 3.660386468051958104e+02
2.970860396790504456e+04 3.660386468051958104e+02
2.977386881113052368e+04 3.660386468051958104e+02
2.980501058340072632e+04 3.660386468051958104e+02
2.983587253546714783e+04 3.660386468051958104e+02
2.986768648004531860e+04 3.660386468051958104e+02
2.996398589324951172e+04 3.660386468051958104e+02
3.006369061398506165e+04 3.660386468051958104e+02
3.015581971931457520e+04 3.660610975608427111e+02
3.018806759262084961e+04 3.660610975608427111e+02
3.021861952233314514e+04 3.660610975608427111e+02
3.025038851666450500e+04 3.660610975608427111e+02
3.035074770045280457e+04 3.660611660925494562e+02
3.044906916260719299e+04 3.660611660925494562e+02
3.054877157616615295e+04 3.660611660925494562e+02
3.057968802618980408e+04 3.660611660925494562e+02
3.061310088968276978e+04 3.660611660925494562e+02
3.064572243571281433e+04 3.660611660925494562e+02
3.074460533785820007e+04 3.660611660925494562e+02
3.084898058199882507e+04 3.660611660925494562e+02
3.091866879224777222e+04 3.660611660925494562e+02
3.095064158201217651e+04 3.660611660925494562e+02
3.098102340149879456e+04 3.660611660925494562e+02
3.101254868221282959e+04 3.660611660925494562e+02
3.111162254047393799e+04 3.660611660925494562e+02
3.121133826422691345e+04 3.660611660925494562e+02
3.131570366525650024e+04 3.660611660925494562e+02
3.134768750381469727e+04 3.660611660925494562e+02
3.138005160093307495e+04 3.660611660925494562e+02
3.141290200591087341e+04 3.660611660925494562e+02
3.150504142284393311e+04 3.660611660925494562e+02
3.160479095244407654e+04 3.660611660925494562e+02
3.170220361876487732e+04 3.660611660925494562e+02
3.173341271281242371e+04 3.660611660925494562e+02
3.176394263935089111e+04 3.660611660925494562e+02
3.179657466173171997e+04 3.660611660925494562e+02
3.189626638388633728e+04 3.660611660925494562e+02
3.198839667701721191e+04 3.661132894667390474e+02
3.208813343715667725e+04 3.661132894667390474e+02
3.212051147913932800e+04 3.661132894667390474e+02
3.215159894776344299e+04 3.662849539443132585e+02
3.218445790433883667e+04 3.662849539443132585e+02
3.227655099773406982e+04 3.662849539443132585e+02
3.238087937211990356e+04 3.662849539443132585e+02
3.248584806442260742e+04 3.662849539443132585e+02
3.251809592604637146e+04 3.662849539443132585e+02
3.255021758723258972e+04 3.662849539443132585e+02
3.258284360265731812e+04 3.662849539443132585e+02
3.267821436452865601e+04 3.662849539443132585e+02
3.277091386008262634e+04 3.662849539443132585e+02
3.287062394690513611e+04 3.662849539443132585e+02
3.290171162843704224e+04 3.662849539443132585e+02
3.293337427401542664e+04 3.663364025303264384e+02
3.296490293216705322e+04 3.663364025303264384e+02
3.306558253479003906e+04 3.663364025303264384e+02
3.317065400457382202e+04 3.663364025303264384e+02
3.326202024221420288e+04 3.663364025303264384e+02
3.329398652243614197e+04 3.663364025303264384e+02
3.332507142376899719e+04 3.663364025303264384e+02
3.335906940054893494e+04 3.663364025303264384e+02
3.345309966516494751e+04 3.663364025303264384e+02
3.355050437903404236e+04 3.663364025303264384e+02
3.365483184599876404e+04 3.663364025303264384e+02
3.368671244430541992e+04 3.663364025303264384e+02
3.371855647826194763e+04 3.663364025303264384e+02
3.375118573617935181e+04 3.663364025303264384e+02
3.384326984524726868e+04 3.673105107277257844e+02
3.394764439678192139e+04 3.673105107277257844e+02
3.402225226759910583e+04 3.674348073131828301e+02
3.405337167787551880e+04 3.674348073131828301e+02
3.408576979637145996e+04 3.674348073131828301e+02
3.411885801601409912e+04 3.674348073131828301e+02
3.421423176550865173e+04 3.674348073131828301e+02
3.431394163155555725e+04 3.674348073131828301e+02
3.440716436147689819e+04 3.674348073131828301e+02
3.443898446369171143e+04 3.674348073131828301e+02
3.447146871900558472e+04 3.674348073131828301e+02
3.450316869235038757e+04 3.674348073131828301e+02
3.459521853733062744e+04 3.674348073131828301e+02
3.469957845687866211e+04 3.674348073131828301e+02
3.479094880247116089e+04 3.674348073131828301e+02
3.482338495349884033e+04 3.674348073131828301e+02
3.485448303532600403e+04 3.674348073131828301e+02
3.488732706761360168e+04 3.674348073131828301e+02
3.498702365803718567e+04 3.674348073131828301e+02
3.505658728075027466e+04 3.677947471921797842e+02
3.515628488707542419e+04 3.677947471921797842e+02
3.518826202011108398e+04 3.677947471921797842e+02
3.521905058240890503e+04 3.677947471921797842e+02
3.525142386722564697e+04 3.677947471921797842e+02
3.534994840574264526e+04 3.677947471921797842e+02
3.545429248571395874e+04 3.677947471921797842e+02
3.553971774268150330e+04 3.694248157517154141e+02
3.557168986558914185e+04 3.694248157517154141e+02
3.560307103776931763e+04 3.694248157517154141e+02
3.563488685417175293e+04 3.694248157517154141e+02
3.573457403206825256e+04 3.694248157517154141e+02
3.583427411651611328e+04 3.694248157517154141e+02
3.592391507935523987e+04 3.694248157517154141e+02
3.595643090009689331e+04 3.694248157517154141e+02
3.598738628220558167e+04 3.694248157517154141e+02
3.602033112502098083e+04 3.694248157517154141e+02
3.610679098320007324e+04 3.694248157517154141e+02
3.618660477948188782e+04 3.694248157517154141e+02
3.627006821346282959e+04 3.695111312427462167e+02
3.630086494684219360e+04 3.695111312427462167e+02
3.633387211704254150e+04 3.695111312427462167e+02
3.636565056133270264e+04 3.695111312427462167e+02
3.647056574344635010e+04 3.695111312427462167e+02
3.654809355926513672e+04 3.735172551171675650e+02
3.664779373359680176e+04 3.735172551171675650e+02
3.667891416859626770e+04 3.735172551171675650e+02
3.671013597917556763e+04 3.735172551171675650e+02
3.674275972294807434e+04 3.735172551171675650e+02
3.682029630947113037e+04 3.746009695641700432e+02
3.690644386529922485e+04 3.746009695641700432e+02
3.701154578876495361e+04 3.746009695641700432e+02
3.704380315637588501e+04 3.746009695641700432e+02
3.707466230988502502e+04 3.746009695641700432e+02
3.710667491722106934e+04 3.746009695641700432e+02
3.720611302971839905e+04 3.746009695641700432e+02
3.726982091951370239e+04 3.747406801321878902e+02
3.734175072717666626e+04 3.747406801321878902e+02
3.737375097894668579e+04 3.747406801321878902e+02
3.740533032941818237e+04 3.747406801321878902e+02
3.743702568483352661e+04 3.747406801321878902e+02
3.753699474430084229e+04 3.747406801321878902e+02
3.763903289103507996e+04 3.747406801321878902e+02
3.771653654336929321e+04 3.747720885008241112e+02
3.774850383377075195e+04 3.747720885008241112e+02
3.778014622807502747e+04 3.747720885008241112e+02
3.781336630654335022e+04 3.747720885008241112e+02
3.791007262945175171e+04 3.747720885008241112e+02
3.797900300598144531e+04 3.747720885008241112e+02
3.804722102403640747e+04 3.747720885008241112e+02
3.807928131437301636e+04 3.747720885008241112e+02
3.811226623892784119e+04 3.747720885008241112e+02
3.814491795825958252e+04 3.747720885008241112e+02
3.822332042884826660e+04 3.747720885008241112e+02
3.829484273815155029e+04 3.751693454139831374e+02
3.839450787687301636e+04 3.751693454139831374e+02
3.842689844274520874e+04 3.751693454139831374e+02
3.845851956963539124e+04 3.751693454139831374e+02
3.849113054394721985e+04 3.751693454139831374e+02
3.859054558444023132e+04 3.751693454139831374e+02
3.866190992355346680e+04 3.751693454139831374e+02
3.873438294720649719e+04 3.751693454139831374e+02
3.876630206441879272e+04 3.751693454139831374e+02
3.879767190194129944e+04 3.751693454139831374e+02
3.883032594299316406e+04 3.751693454139831374e+02
3.893911017227172852e+04 3.751693454139831374e+02
3.900307737398147583e+04 3.751693454139831374e+02
3.907199032425880432e+04 3.753756753100501555e+02
3.910483121275901794e+04 3.753756753100501555e+02
3.913768888926506042e+04 3.753756753100501555e+02
3.917031510806083679e+04 3.753756753100501555e+02
3.927524120998382568e+04 3.753756753100501555e+02
3.935134064412117004e+04 3.753756753100501555e+02
3.942754760503768921e+04 3.753756753100501555e+02
3.946000539422035217e+04 3.753756753100501555e+02
3.949240234541893005e+04 3.753756753100501555e+02
3.952504719781875610e+04 3.753756753100501555e+02
3.959367623353004456e+04 3.784279694937561658e+02
3.969858745980262756e+04 3.784279694937561658e+02
3.975589159631729126e+04 3.786894246268626034e+02
3.978786482238769531e+04 3.786894246268626034e+02
3.982033149409294128e+04 3.786894246268626034e+02
3.985289635944366455e+04 3.786894246268626034e+02
3.995779570913314819e+04 3.786894246268626034e+02
4.001725935173034668e+04 3.883341934599509386e+02
4.012220508217811584e+04 3.883341934599509386e+02
4.015418613290786743e+04 3.883341934599509386e+02
4.018583911395072937e+04 3.883341934599509386e+02
4.021838954925537109e+04 3.883341934599509386e+02
4.031378683853149414e+04 3.883341934599509386e+02
4.041869576549530029e+04 3.883341934599509386e+02
4.049277033638954163e+04 3.883418436381587640e+02
4.052404778480529785e+04 3.883418436381587640e+02
4.055645083951950073e+04 3.883418436381587640e+02
4.058875348067283630e+04 3.883469769299204017e+02
4.068904810476303101e+04 3.883469769299204017e+02
4.074616655182838440e+04 3.883714367421825955e+02
4.078640928506851196e+04 4.021625345001593246e+02
4.081878312945365906e+04 4.021625345001593246e+02
4.085169547963142395e+04 4.021625345001593246e+02
4.088434173536300659e+04 4.021625345001593246e+02
4.093908515977859497e+04 4.021625345001593246e+02
4.099637492060661316e+04 4.021625345001593246e+02
4.105316557836532593e+04 4.022251516195505587e+02
4.108517321562767029e+04 4.022251516195505587e+02
4.111763217258453369e+04 4.022251516195505587e+02
4.114915784144401550e+04 4.022251516195505587e+02
4.125082723402976990e+04 4.022251516195505587e+02
4.130773167681694031e+04 4.022251516195505587e+02
4.135478358268737793e+04 4.022792703517924338e+02
4.138767279195785522e+04 4.022792703517924338e+02
4.141920256519317627e+04 4.022792703517924338e+02
4.145246201992034912e+04 4.022792703517924338e+02
4.154944778490066528e+04 4.022792703517924338e+02
4.158923017597198486e+04 4.092922405011049705e+02
4.162620804309844971e+04 4.191427661388765387e+02
4.165809152841567993e+04 4.191427661388765387e+02
4.169102379131317139e+04 4.191427661388765387e+02
4.172425291585922241e+04 4.191427661388765387e+02
4.182601917767524719e+04 4.191427661388765387e+02
4.186393287801742554e+04 4.477429636804815800e+02
4.190077493882179260e+04 4.484711113402887577e+02
4.193298452091217041e+04 4.484711113402887577e+02
4.196503562259674072e+04 4.484711113402887577e+02
4.199679481148719788e+04 4.484711113402887577e+02
4.209297550368309021e+04 4.484711113402887577e+02
4.219473526954650879e+04 4.484711113402887577e+02
4.223155948567390442e+04 4.517689801441166537e+02
4.226442309045791626e+04 4.517689801441166537e+02
4.229724535584449768e+04 4.517689801441166537e+02
4.232985923004150391e+04 4.517689801441166537e+02
4.243164324808120728e+04 4.517689801441166537e+02
4.246740568494796753e+04 4.517689801441166537e+02
4.250419821310043335e+04 4.523891330150655676e+02
4.253634251832962036e+04 4.523891330150655676e+02
4.256873432016372681e+04 4.523891330150655676e+02
4.260047288060188293e+04 4.523891330150655676e+02
4.269745912933349609e+04 4.523891330150655676e+02
4.273778572726249695e+04 4.523891330150655676e+02
4.277697650074958801e+04 4.523891330150655676e+02
4.280939252424240112e+04 4.523891330150655676e+02
4.284086242914199829e+04 4.523891330150655676e+02
4.287282890391349792e+04 4.523891330150655676e+02
4.297448970317840576e+04 4.523891330150655676e+02
4.301118083500862122e+04 4.523891330150655676e+02
4.304981842565536499e+04 4.524240001031419069e+02
4.308171144723892212e+04 4.524240001031419069e+02
4.311330955958366394e+04 4.524240001031419069e+02
4.314511915922164917e+04 4.524240001031419069e+02
4.318220799493789673e+04 4.524240001031419069e+02
4.328119946694374084e+04 4.524240001031419069e+02
4.331735139369964600e+04 4.525736495995216728e+02
4.334989724588394165e+04 4.525736495995216728e+02
4.338037902736663818e+04 4.525736495995216728e+02
4.341196548032760620e+04 4.525736495995216728e+02
4.351372407317161560e+04 4.525736495995216728e+02
4.355240734863281250e+04 4.525736495995216728e+02
4.366651155710220337e+04 4.525736495995216728e+02
4.369722908401489258e+04 4.525736495995216728e+02
4.373065173387527466e+04 4.525736495995216728e+02
4.376243604111671448e+04 4.525736495995216728e+02
4.386377538180351257e+04 4.525736495995216728e+02
4.396557162332534790e+04 4.525736495995216728e+02
4.400045622706413269e+04 4.525736495995216728e+02
4.403192805957794189e+04 4.525736495995216728e+02
4.406325508427619934e+04 4.525736495995216728e+02
4.409498704266548157e+04 4.525736495995216728e+02
4.419474606800079346e+04 4.525736495995216728e+02
4.423200268507003784e+04 4.525736495995216728e+02
4.433349879026412964e+04 4.525736495995216728e+02
4.436547905802726746e+04 4.525736495995216728e+02
4.439843797230720520e+04 4.525736495995216728e+02
4.443084435486793518e+04 4.525736495995216728e+02
4.453119664740562439e+04 4.525736495995216728e+02
4.463293283057212830e+04 4.525736495995216728e+02
4.470761447668075562e+04 4.525748252633666198e+02
4.473986641192436218e+04 4.525748252633666198e+02
4.477240282130241394e+04 4.525748252633666198e+02
4.480476796269416809e+04 4.525748252633666198e+02
4.490650889801979065e+04 4.525748252633666198e+02
4.497380855178833008e+04 4.525748252633666198e+02
4.507556067514419556e+04 4.525748252633666198e+02
4.510817167735099792e+04 4.525748252633666198e+02
4.514104005265235901e+04 4.525748252633666198e+02
4.517426415896415710e+04 4.525748252633666198e+02
4.521159018421173096e+04 4.525748252633666198e+02
4.531314686393737793e+04 4.525748252633666198e+02
4.535019757032394409e+04 4.525748252633666198e+02
4.538207639431953430e+04 4.525748252633666198e+02
4.541392435669898987e+04 4.525748252633666198e+02
4.544566811513900757e+04 4.525748252633666198e+02
4.554212242174148560e+04 4.525748252633666198e+02
4.557822621130943298e+04 4.525748252633666198e+02
4.567724370765686035e+04 4.527216815006775619e+02
4.570926152801513672e+04 4.527216815006775619e+02
4.574222481036186218e+04 4.527216815006775619e+02
4.577485656595230103e+04 4.527216815006775619e+02
4.581008986854553223e+04 4.527216815006775619e+02
4.590911334872245789e+04 4.527216815006775619e+02
4.594639810085296631e+04 4.530929840246304821e+02
4.597784539246559143e+04 4.530929840246304821e+02
4.600832929635047913e+04 4.530929840246304821e+02
4.603910262870788574e+04 4.530929840246304821e+02
4.613833743429183960e+04 4.530929840246304821e+02
4.617488668012619019e+04 4.530929840246304821e+02
4.627477605938911438e+04 4.530929840246304821e+02
4.630578922247886658e+04 4.530929840246304821e+02
4.633667211604118347e+04 4.530929840246304821e+02
4.636929907679557800e+04 4.530929840246304821e+02
4.639068589377403259e+04 4.530929840246304821e+02
4.648971167135238647e+04 4.530929840246304821e+02
4.658871322870254517e+04 4.530929840246304821e+02
4.661988680934906006e+04 4.530929840246304821e+02
4.665187418365478516e+04 4.530929840246304821e+02
4.668453336286544800e+04 4.530929840246304821e+02
4.678083894634246826e+04 4.530929840246304821e+02
4.699262037396430969e+04 4.530929840246304821e+02
4.702925651359558105e+04 4.532529973323072454e+02
4.706222270274162292e+04 4.532529973323072454e+02
4.709304966855049133e+04 4.532529973323072454e+02
4.712527992606163025e+04 4.532529973323072454e+02
4.714968707323074341e+04 4.532529973323072454e+02
4.718694403409957886e+04 4.532529973323072454e+02
4.736812979626655579e+04 4.532529973323072454e+02
4.740261564826965332e+04 4.532529973323072454e+02
4.743298814368247986e+04 4.532529973323072454e+02
4.746579407119750977e+04 4.532529973323072454e+02
4.756491521835327148e+04 4.532529973323072454e+02
4.759984240937232971e+04 4.532529973323072454e+02
4.769892050695419312e+04 4.532529973323072454e+02
4.773044816994667053e+04 4.532529973323072454e+02
4.776235972166061401e+04 4.533066654578528869e+02
4.779405515408515930e+04 4.533066654578528869e+02
4.782847180771827698e+04 4.533066654578528869e+02
4.792839133691787720e+04 4.533066654578528869e+02
4.796378910303115845e+04 4.533066654578528869e+02
4.799565271282196045e+04 4.533066654578528869e+02
4.802756167674064636e+04 4.533066654578528869e+02
4.805948806500434875e+04 4.533066654578528869e+02
4.816613171505928040e+04 4.533066654578528869e+02
4.820084558010101318e+04 4.533066654578528869e+02
4.829987395381927490e+04 4.533066654578528869e+02
4.833116496443748474e+04 4.533066654578528869e+02
4.836344054079055786e+04 4.533066654578528869e+02
4.839490278530120850e+04 4.533066654578528869e+02
4.848889516830444336e+04 4.533066654578528869e+02
4.858801878404617310e+04 4.533066654578528869e+02
4.862453090620040894e+04 4.533066654578528869e+02
4.865697559142112732e+04 4.533066654578528869e+02
4.868839906930923462e+04 4.533066654578528869e+02
4.871917190766334534e+04 4.533066654578528869e+02
4.881342705988883972e+04 4.533066654578528869e+02
4.885068474006652832e+04 4.533066654578528869e+02
4.894984159374237061e+04 4.533066654578528869e+02
4.898184245920181274e+04 4.533066654578528869e+02
4.901265235877037048e+04 4.533066654578528869e+02
4.904484619164466858e+04 4.533066654578528869e+02
4.908051322507858276e+04 4.533066654578528869e+02
4.918043811726570129e+04 4.533066654578528869e+02
4.921659561872482300e+04 4.533066654578528869e+02
4.924785659241676331e+04 4.533066654578528869e+02
4.927889272189140320e+04 4.533066654578528869e+02
4.931147052931785583e+04 4.533066654578528869e+02
4.941197648620605469e+04 4.533066654578528869e+02
4.944776250433921814e+04 4.533066654578528869e+02
4.948387005639076233e+04 4.534620915665454959e+02
4.951535128879547119e+04 4.534620915665454959e+02
4.954680878257751465e+04 4.534620915665454959e+02
4.957831201505661011e+04 4.534620915665454959e+02
4.961677036929130554e+04 4.534620915665454959e+02
4.971580159091949463e+04 4.534620915665454959e+02
4.981544714736938477e+04 4.534620915665454959e+02
4.984755326771736145e+04 4.534620915665454959e+02
4.987832313251495361e+04 4.534620915665454959e+02
4.991089899325370789e+04 4.534620915665454959e+02
5.000521209812164307e+04 4.534620915665454959e+02
5.004263814687728882e+04 4.534620915665454959e+02
5.033072649216651917e+04 4.534620915665454959e+02
5.036225572323799133e+04 4.534620915665454959e+02
5.039291195487976074e+04 4.534620915665454959e+02
5.042557955384254456e+04 4.534620915665454959e+02
5.052421791028976440e+04 4.534620915665454959e+02
5.062332954835891724e+04 4.534802959473827286e+02
5.090992663264274597e+04 4.534802959473827286e+02
5.094146079754829407e+04 4.534802959473827286e+02
5.097338300967216492e+04 4.534802959473827286e+02
5.100596891641616821e+04 4.534802959473827286e+02
5.110530369663238525e+04 4.534802959473827286e+02
5.114136849999427795e+04 4.534802959473827286e+02
5.124044033527374268e+04 4.534802959473827286e+02
5.127236973142623901e+04 4.534802959473827286e+02
5.130348047947883606e+04 4.534802959473827286e+02
5.133495151376724243e+04 4.534802959473827286e+02
5.143270070576667786e+04 4.534802959473827286e+02
5.146879186773300171e+04 4.534802959473827286e+02
5.150463661432266235e+04 4.534802959473827286e+02
5.153647590255737305e+04 4.534802959473827286e+02
5.156987949872016907e+04 4.534802959473827286e+02
5.160161786150932312e+04 4.534802959473827286e+02
5.170188942861557007e+04 4.534802959473827286e+02
5.173838038825988770e+04 4.534802959473827286e+02
5.183822378182411194e+04 4.534802959473827286e+02
5.186976028752326965e+04 4.534802959473827286e+02
5.190080373883247375e+04 4.534802959473827286e+02
5.193337000465393066e+04 4.534802959473827286e+02
5.203117960953712463e+04 4.534802959473827286e+02
5.213030172467231750e+04 4.534802959473827286e+02
5.230327158713340759e+04 4.534802959473827286e+02
5.233479504227638245e+04 4.534802959473827286e+02
5.236751996231079102e+04 4.534802959473827286e+02
5.240121416759490967e+04 4.534802959473827286e+02
5.250025938344001770e+04 4.534802959473827286e+02
5.253766562628746033e+04 4.534802959473827286e+02
5.263698966550827026e+04 4.535724804407072952e+02
5.266763327741622925e+04 4.535724804407072952e+02
5.269866775727272034e+04 4.535724804407072952e+02
5.273124002504348755e+04 4.535724804407072952e+02
5.282548170018196106e+04 4.535724804407072952e+02
5.286155746936798096e+04 4.535724804407072952e+02
5.296128729867935181e+04 4.535724804407072952e+02
5.299280477142333984e+04 4.535724804407072952e+02
5.302344616341590881e+04 4.535724804407072952e+02
5.305664059305191040e+04 4.535724804407072952e+02
5.315568407773971558e+04 4.535724804407072952e+02
5.319244204854965210e+04 4.535724804407072952e+02
5.327745592045783997e+04 4.535724804407072952e+02
5.330892821455001831e+04 4.535724804407072952e+02
5.334162145972251892e+04 4.535724804407072952e+02
5.337467035245895386e+04 4.535724804407072952e+02
5.347147780871391296e+04 4.535724804407072952e+02
5.357051853632926941e+04 4.535724804407072952e+02
5.367026946520805359e+04 4.535724804407072952e+02
5.370179625988006592e+04 4.535724804407072952e+02
5.373412695503234863e+04 4.535724804407072952e+02
5.376606790375709534e+04 4.535724804407072952e+02
5.386385494351387024e+04 4.535724804407072952e+02
5.389957857012748718e+04 4.536482580530242785e+02
5.399863627099990845e+04 4.536482580530242785e+02
5.402966089057922363e+04 4.536482580530242785e+02
5.406048890781402588e+04 4.536482580530242785e+02
5.409307658815383911e+04 4.536482580530242785e+02
5.419085856890678406e+04 4.536482580530242785e+02
5.429091099834442139e+04 4.536482580530242785e+02
5.432803943896293640e+04 4.536482580530242785e+02
5.435956956291198730e+04 4.536482580530242785e+02
5.439034934210777283e+04 4.536482580530242785e+02
5.442191602206230164e+04 4.536482580530242785e+02
5.451945247316360474e+04 4.536482580530242785e+02
5.468409249973297119e+04 4.536482580530242785e+02
5.478309007930755615e+04 4.536482580530242785e+02
5.481515955162048340e+04 4.536482580530242785e+02
5.484607957673072815e+04 4.536482580530242785e+02
5.487927955508232117e+04 4.536482580530242785e+02
5.498583950495719910e+04 4.536482580530242785e+02
5.508495545840263367e+04 4.536482580530242785e+02
5.511926082944869995e+04 4.536482580530242785e+02
5.515135097217559814e+04 4.536482580530242785e+02
5.518295412015914917e+04 4.536482580530242785e+02
5.521564884114265442e+04 4.536482580530242785e+02
5.531462134766578674e+04 4.536482580530242785e+02
5.534972491955757141e+04 4.536482580530242785e+02
5.544873234367370605e+04 4.536482580530242785e+02
5.548085750913619995e+04 4.536482580530242785e+02
5.551246671271324158e+04 4.536482580530242785e+02
5.554528543806076050e+04 4.536482580530242785e+02
5.564219122266769409e+04 4.536482580530242785e+02
5.574131531023979187e+04 4.536482580530242785e+02
5.577632560944557190e+04 4.536641568228696997e+02
5.580733204269409180e+04 4.536641568228696997e+02
5.583892551279067993e+04 4.536641568228696997e+02
5.587103359484672546e+04 4.536641568228696997e+02
5.597016120433807373e+04 4.536641568228696997e+02
5.600722343015670776e+04 4.537139089350448558e+02
5.611068924379348755e+04 4.537139089350448558e+02
5.614146746206283569e+04 4.537139089350448558e+02
5.617379361534118652e+04 4.537139089350448558e+02
5.620774167299270630e+04 4.537139089350448558e+02
5.623152301168441772e+04 4.537139089350448558e+02
5.626737558937072754e+04 4.537865346183002657e+02
5.630422258877754211e+04 4.537865346183002657e+02
5.633615272092819214e+04 4.537865346183002657e+02
5.636773313021659851e+04 4.537865346183002657e+02
5.640136350727081299e+04 4.537897275137763131e+02
5.650045670342445374e+04 4.537897275137763131e+02
5.653848052430152893e+04 4.537897275137763131e+02
5.663753490376472473e+04 4.537897275137763131e+02
5.666906571173667908e+04 4.537897275137763131e+02
5.670134770989418030e+04 4.537897275137763131e+02
5.673281787681579590e+04 4.537897275137763131e+02
5.676802716064453125e+04 4.537897275137763131e+02
5.686696398663520813e+04 4.537897275137763131e+02
5.690344087934494019e+04 4.537897275137763131e+02
5.693634964895248413e+04 4.537897275137763131e+02
5.696831048083305359e+04 4.537897275137763131e+02
5.700004765033721924e+04 4.537897275137763131e+02
5.709914156579971313e+04 4.537897275137763131e+02
5.713521742439270020e+04 4.537897275137763131e+02
5.723427273416519165e+04 4.537897275137763131e+02
5.726707262420654297e+04 4.537897275137763131e+02
5.729743190169334412e+04 4.537897275137763131e+02
5.732954470062255859e+04 4.537897275137763131e+02
5.735377158737182617e+04 4.540105803944277909e+02
5.745283900904655457e+04 4.540105803944277909e+02
5.755188249278068542e+04 4.540105803944277909e+02
5.758335895800590515e+04 4.540105803944277909e+02
5.761378868365287781e+04 4.540105803944277909e+02
5.764435421800613403e+04 4.540105803944277909e+02
5.774414618611335754e+04 4.540105803944277909e+02
5.778117304110527039e+04 4.540105803944277909e+02
5.788031740236282349e+04 4.540105803944277909e+02
5.791366592073440552e+04 4.540105803944277909e+02
5.794470827341079712e+04 4.540553522853364257e+02
5.797774219346046448e+04 4.540553522853364257e+02
5.800044258856773376e+04 4.540553522853364257e+02
5.809949957585334778e+04 4.540553522853364257e+02
5.813448244714736938e+04 4.540553522853364257e+02
5.816594133162498474e+04 4.540553522853364257e+02
5.819789779400825500e+04 4.540553522853364257e+02
5.823048143458366394e+04 4.540553522853364257e+02
5.832791331958770752e+04 4.540553522853364257e+02
5.842755966091156006e+04 4.540553522853364257e+02
5.852662135410308838e+04 4.540553522853364257e+02
5.855840183115005493e+04 4.540553522853364257e+02
5.859006853032112122e+04 4.540553522853364257e+02
5.862326110744476318e+04 4.540553522853364257e+02
5.864514612030982971e+04 4.540553522853364257e+02
5.874417463445663452e+04 4.540553522853364257e+02
5.886465677118301392e+04 4.540553522853364257e+02
5.889714092445373535e+04 4.548164209874688027e+02
5.892897244143486023e+04 4.548164209874688027e+02
5.896189215517044067e+04 4.548164209874688027e+02
5.905812162399291992e+04 4.548164209874688027e+02
5.909454861593246460e+04 4.548164209874688027e+02
5.913091887497901917e+04 4.548164209874688027e+02
5.916163957452774048e+04 4.548164209874688027e+02
5.919274361300468445e+04 4.548164209874688027e+02
5.922498716855049133e+04 4.548164209874688027e+02
5.925558813786506653e+04 4.548164209874688027e+02
5.935451180696487427e+04 4.548164209874688027e+02
5.938974021482467651e+04 4.548164209874688027e+02
5.942055262374877930e+04 4.548164209874688027e+02
5.945157569265365601e+04 4.548164209874688027e+02
5.948304564237594604e+04 4.548164209874688027e+02
5.958048358225822449e+04 4.548164209874688027e+02
5.961677296924591064e+04 4.548164209874688027e+02
5.971570953893661499e+04 4.548164209874688027e+02
5.974827902483940125e+04 4.548164209874688027e+02
5.977993594431877136e+04 4.548164209874688027e+02
5.981165414428710938e+04 4.548164209874688027e+02
5.991006496238708496e+04 4.548164209874688027e+02
6.000994814109802246e+04 4.548164209874688027e+02
6.004407220363616943e+04 4.548164209874688027e+02
6.007588097143173218e+04 4.548164209874688027e+02
6.010811748075485229e+04 4.548164209874688027e+02
6.013982356214523315e+04 4.548164209874688027e+02
6.023872778701782227e+04 4.548164209874688027e+02
6.027543182921409607e+04 4.548164209874688027e+02
6.037435949230194092e+04 4.548164209874688027e+02
6.040607659888267517e+04 4.548164209874688027e+02
6.043709048414230347e+04 4.548164209874688027e+02
6.046853168106079102e+04 4.548164209874688027e+02
6.050163621163368225e+04 4.548751247622694223e+02
6.060057854914665222e+04 4.548751247622694223e+02
6.063748026633262634e+04 4.548751247622694223e+02
6.066821258473396301e+04 4.548751247622694223e+02
6.069907827734947205e+04 4.548751247622694223e+02
6.072982143092155457e+04 4.548751247622694223e+02
6.082875601243972778e+04 4.548751247622694223e+02
6.092834398555755615e+04 4.548751247622694223e+02
6.102725966668128967e+04 4.548751247622694223e+02
6.105859695339202881e+04 4.548751247622694223e+02
6.109017976689338684e+04 4.548751247622694223e+02
6.112353321385383606e+04 4.548751247622694223e+02
6.115846298384666443e+04 4.548751247622694223e+02
6.125739023733139038e+04 4.548751247622694223e+02
6.129289009976387024e+04 4.548751247622694223e+02
6.132526055026054382e+04 4.548751247622694223e+02
6.135779909849166870e+04 4.548751247622694223e+02
6.138940065765380859e+04 4.548751247622694223e+02
6.149514770030975342e+04 4.548751247622694223e+02
6.153189318656921387e+04 4.548836167455481245e+02
6.163075103759765625e+04 4.548836167455481245e+02
6.166263155007362366e+04 4.548836167455481245e+02
6.169294802093505859e+04 4.548836167455481245e+02
6.172552042531967163e+04 4.548836167455481245e+02
6.182247784304618835e+04 4.548836167455481245e+02
6.192148795652389526e+04 4.548836167455481245e+02
6.195826375961303711e+04 4.548836167455481245e+02
6.198997751307487488e+04 4.548836167455481245e+02
6.202242808938026428e+04 4.548836167455481245e+02
6.205411449265480042e+04 4.548836167455481245e+02
6.215381241464614868e+04 4.548836167455481245e+02
6.218927952122688293e+04 4.548836167455481245e+02
6.222566428470611572e+04 4.550496086430354126e+02
6.225739032316207886e+04 4.550496086430354126e+02
6.228782706165313721e+04 4.550496086430354126e+02
6.231832619881629944e+04 4.550496086430354126e+02
6.242018505024909973e+04 4.550496086430354126e+02
6.253993681478500366e+04 4.550496086430354126e+02
6.257588817667961121e+04 4.550496086430354126e+02
6.260657335567474365e+04 4.550496086430354126e+02
6.263774798464775085e+04 4.550496086430354126e+02
6.266941328334808350e+04 4.550496086430354126e+02
6.276876333498954773e+04 4.550496086430354126e+02
6.280468468523025513e+04 4.550496086430354126e+02
6.290352401733398438e+04 4.550496086430354126e+02
6.293539045119285583e+04 4.550496086430354126e+02
6.296834440207481384e+04 4.550496086430354126e+02
6.300087771463394165e+04 4.550496086430354126e+02
6.303689937472343445e+04 4.550496086430354126e+02
6.307274940299987793e+04 4.550496086430354126e+02
6.331175699090957642e+04 4.550496086430354126e+02
6.334328331089019775e+04 4.550496086430354126e+02
6.337422719407081604e+04 4.550496086430354126e+02
6.340680634665489197e+04 4.550496086430354126e+02
6.350612654852867126e+04 4.550496086430354126e+02
6.354329442882537842e+04 4.550496086430354126e+02
6.357966563129425049e+04 4.550496086430354126e+02
6.361001370286941528e+04 4.550496086430354126e+02
6.364258680129051208e+04 4.550496086430354126e+02
6.367324631237983704e+04 4.550496086430354126e+02
6.377174903655052185e+04 4.550496086430354126e+02
6.380807287836074829e+04 4.550496086430354126e+02
6.384438983654975891e+04 4.550496086430354126e+02
6.387569300723075867e+04 4.550496086430354126e+02
6.390652110075950623e+04 4.550496086430354126e+02
6.394041488432884216e+04 4.550496086430354126e+02
6.404127922940254211e+04 4.550496086430354126e+02
6.407723317503929138e+04 4.550496086430354126e+02
6.411153010940551758e+04 4.550520998468722382e+02
6.414343069100379944e+04 4.550520998468722382e+02
6.417451149058341980e+04 4.550520998468722382e+02
6.420808463764190674e+04 4.550520998468722382e+02
6.423077639603614807e+04 4.550520998468722382e+02
6.432979942321777344e+04 4.550520998468722382e+02
6.436648457050323486e+04 4.550833438285237094e+02
6.439729759025573730e+04 4.550833438285237094e+02
6.442892074728012085e+04 4.550838309424532895e+02
6.446072109651565552e+04 4.550838309424532895e+02
6.456050635838508606e+04 4.550838309424532895e+02
6.459584876871109009e+04 4.550838309424532895e+02
6.463269555926322937e+04 4.550838309424532895e+02
6.466471333479881287e+04 4.550838309424532895e+02
6.469597307229042053e+04 4.550838309424532895e+02
6.472920120358467102e+04 4.551014297642730639e+02
6.476477155613899231e+04 4.551014297642730639e+02
6.486378579139709473e+04 4.551014297642730639e+02
6.489968729257583618e+04 4.551014297642730639e+02
6.493145529747009277e+04 4.551014297642730639e+02
6.496459427213668823e+04 4.551014297642730639e+02
6.499704109120368958e+04 4.551014297642730639e+02
6.509273637986183167e+04 4.551014297642730639e+02
6.513066710972785950e+04 4.551014297642730639e+02
6.516690323877334595e+04 4.551199643296595241e+02
6.519834196424484253e+04 4.551199643296595241e+02
6.522967154979705811e+04 4.551199643296595241e+02
6.526147043800354004e+04 4.551199643296595241e+02
6.529870168328285217e+04 4.551199643296595241e+02
6.539792262363433838e+04 4.551199643296595241e+02
6.543383844208717346e+04 4.551199643296595241e+02
6.546516834020614624e+04 4.551199643296595241e+02
6.549624352526664734e+04 4.551199643296595241e+02
6.552801607656478882e+04 4.551199643296595241e+02
6.562895591926574707e+04 4.551199643296595241e+02
6.566595289397239685e+04 4.551199643296595241e+02
6.576496838688850403e+04 4.551199643296595241e+02
6.579648688626289368e+04 4.551199643296595241e+02
6.582828579401969910e+04 4.551199643296595241e+02
6.586053004574775696e+04 4.551199643296595241e+02
6.588070539569854736e+04 4.553493462542793964e+02
6.597968747735023499e+04 4.553493462542793964e+02
6.601665647077560425e+04 4.553493462542793964e+02
6.604873176813125610e+04 4.553493462542793964e+02
6.607982021903991699e+04 4.553493462542793964e+02
6.611050446748733521e+04 4.553493462542793964e+02
6.620904430651664734e+04 4.553493462542793964e+02
6.624492282009124756e+04 4.553493462542793964e+02
6.634482434725761414e+04 4.553493462542793964e+02
6.637628956699371338e+04 4.553493462542793964e+02
6.640744133377075195e+04 4.553493462542793964e+02
6.644030282139778137e+04 4.553493462542793964e+02
6.648197846913337708e+04 4.553493462542793964e+02
6.651837815022468567e+04 4.553504053723014522e+02
6.655396177601814270e+04 4.553504053723014522e+02
6.658542317223548889e+04 4.553504053723014522e+02
6.661641516017913818e+04 4.553951772632100301e+02
6.664862602686882019e+04 4.553951772632100301e+02
6.674762281870841980e+04 4.553951772632100301e+02
6.684750613665580750e+04 4.553951772632100301e+02
6.694667087936401367e+04 4.553951772632100301e+02
6.697803178715705872e+04 4.553951772632100301e+02
6.700895935201644897e+04 4.553951772632100301e+02
6.704032631182670593e+04 4.553951772632100301e+02
6.713738553047180176e+04 4.553951772632100301e+02
6.718306602168083191e+04 4.553951772632100301e+02
6.721819664406776428e+04 4.554279701815461294e+02
6.724947897696495056e+04 4.554279701815461294e+02
6.728279261279106140e+04 4.554279701815461294e+02
6.731346788287162781e+04 4.554279701815461294e+02
6.741317912650108337e+04 4.554279701815461294e+02
6.744843593502044678e+04 4.554279701815461294e+02
6.754730144739151001e+04 4.554279701815461294e+02
6.757928186655044556e+04 4.554279701815461294e+02
6.761032037544250488e+04 4.554279701815461294e+02
6.764180426597595215e+04 4.554279701815461294e+02
6.767785056710243225e+04 4.554279701815461294e+02
6.777669537138938904e+04 4.554279701815461294e+02
6.781082618284225464e+04 4.554279701815461294e+02
6.784278987216949463e+04 4.554279701815461294e+02
6.787358177089691162e+04 4.554279701815461294e+02
6.790548420667648315e+04 4.554279701815461294e+02
6.800599843382835388e+04 4.554279701815461294e+02
6.804167538714408875e+04 4.555041312033379199e+02
6.814054009342193604e+04 4.555041312033379199e+02
6.817181743717193604e+04 4.555041312033379199e+02
6.820430053591728210e+04 4.555041312033379199e+02
6.823678873085975647e+04 4.555041312033379199e+02
6.827273851299285889e+04 4.555041312033379199e+02
6.830913871908187866e+04 4.555041312033379199e+02
6.834529730606079102e+04 4.555041312033379199e+02
6.837748476052284241e+04 4.555041312033379199e+02
6.840792769169807434e+04 4.555041312033379199e+02
6.843933116126060486e+04 4.555041312033379199e+02
6.853831571388244629e+04 4.555041312033379199e+02
6.857517116022109985e+04 4.555041312033379199e+02
6.861181449580192566e+04 4.555041312033379199e+02
6.864325773167610168e+04 4.555041312033379199e+02
6.867413545370101929e+04 4.555041312033379199e+02
6.870670698904991150e+04 4.555041312033379199e+02
6.874077908301353455e+04 4.555041312033379199e+02
6.883961088871955872e+04 4.555041312033379199e+02
6.887550889492034912e+04 4.555041312033379199e+02
6.890695467305183411e+04 4.555041312033379199e+02
6.893739697337150574e+04 4.555041312033379199e+02
6.896919719982147217e+04 4.555041312033379199e+02
6.907406949448585510e+04 4.555041312033379199e+02
6.910888779640197754e+04 4.555041312033379199e+02
6.920773211359977722e+04 4.555041312033379199e+02
6.924046262931823730e+04 4.555041312033379199e+02
6.927176878404617310e+04 4.555041312033379199e+02
6.930462977480888367e+04 4.555041312033379199e+02
6.940412447738647461e+04 4.555041312033379199e+02
6.950317763948440552e+04 4.555041312033379199e+02
6.953894173789024353e+04 4.555041312033379199e+02
6.957114067697525024e+04 4.555041312033379199e+02
6.960144017362594604e+04 4.555041312033379199e+02
6.963365627932548523e+04 4.555041312033379199e+02
6.973176246690750122e+04 4.555041312033379199e+02
6.976785648632049561e+04 4.555041312033379199e+02
6.980540541386604309e+04 4.555115450294924813e+02
6.983637458491325378e+04 4.555115450294924813e+02
6.986818135166168213e+04 4.555115450294924813e+02
6.990063415765762329e+04 4.555115450294924813e+02
6.993446195459365845e+04 4.555115450294924813e+02
7.003355813407897949e+04 4.555115450294924813e+02
7.006901756620407104e+04 4.555115450294924813e+02
7.010044562482833862e+04 4.555115450294924813e+02
7.013144095754623413e+04 4.555115450294924813e+02
7.016324279546737671e+04 4.555115450294924813e+02
7.026225320601463318e+04 4.555115450294924813e+02
7.029823943901062012e+04 4.555115450294924813e+02
7.039714667367935181e+04 4.555115450294924813e+02
7.042916509008407593e+04 4.555115450294924813e+02
7.046166022491455078e+04 4.555115450294924813e+02
7.049437745928764343e+04 4.555115450294924813e+02
7.059302115964889526e+04 4.555115450294924813e+02
7.069297337698936462e+04 4.555115450294924813e+02
7.072982680416107178e+04 4.557558188927893639e+02
7.076160041618347168e+04 4.557558188927893639e+02
7.079338550233840942e+04 4.557558188927893639e+02
7.082541488575935364e+04 4.557558188927893639e+02
7.092472194051742554e+04 4.557558188927893639e+02
7.096075418949127197e+04 4.557558188927893639e+02
7.105963365268707275e+04 4.557558188927893639e+02
7.109058103060722351e+04 4.557558188927893639e+02
7.112108421802520752e+04 4.557558188927893639e+02
7.115428843688964844e+04 4.557558188927893639e+02
7.125291638779640198e+04 4.557558188927893639e+02
7.129018871235847473e+04 4.557558188927893639e+02
7.132466237068176270e+04 4.557558188927893639e+02
7.135738355851173401e+04 4.557558188927893639e+02
7.138847296452522278e+04 4.557558188927893639e+02
7.142098508882522583e+04 4.557558188927893639e+02
7.152063447999954224e+04 4.557558188927893639e+02
7.155667967844009399e+04 4.557558188927893639e+02
7.177762064075469971e+04 4.557558188927893639e+02
7.181020870876312256e+04 4.557558188927893639e+02
7.184084317517280579e+04 4.557558188927893639e+02
7.187266367101669312e+04 4.557558188927893639e+02
7.191364037394523621e+04 4.557558188927893639e+02
7.201245901441574097e+04 4.557558188927893639e+02
7.204793841576576233e+04 4.557558188927893639e+02
7.207936404132843018e+04 4.557558188927893639e+02
7.211035902905464172e+04 4.557558188927893639e+02
7.214302052617073059e+04 4.557558188927893639e+02
7.225052948570251465e+04 4.557558188927893639e+02
7.228666821980476379e+04 4.557558188927893639e+02
7.232386407470703125e+04 4.557558188927893639e+02
7.235582499957084656e+04 4.557558188927893639e+02
7.238725273466110229e+04 4.557558188927893639e+02
7.241866499996185303e+04 4.557558188927893639e+02
7.245498535156250000e+04 4.557558188927893639e+02
7.249181933116912842e+04 4.557558188927893639e+02
7.252883066964149475e+04 4.557558188927893639e+02
7.256049431037902832e+04 4.557558188927893639e+02
7.259321809577941895e+04 4.557558188927893639e+02
7.262525509405136108e+04 4.557558188927893639e+02
7.272420235753059387e+04 4.557558188927893639e+02
7.276078592729568481e+04 4.557558188927893639e+02
7.284472162628173828e+04 4.557603766125095035e+02
7.287675295090675354e+04 4.557603766125095035e+02
7.290757785677909851e+04 4.557603766125095035e+02
7.293949186444282532e+04 4.557603766125095035e+02
7.303334927463531494e+04 4.557603766125095035e+02
7.306761706566810608e+04 4.557603766125095035e+02
7.310433280181884766e+04 4.557603766125095035e+02
7.313689618015289307e+04 4.557603766125095035e+02
7.316932667922973633e+04 4.557603766125095035e+02
7.320190106225013733e+04 4.557603766125095035e+02
7.329814900994300842e+04 4.557603766125095035e+02
7.333398243474960327e+04 4.557603766125095035e+02
7.337111429810523987e+04 4.557603766125095035e+02
7.340432137322425842e+04 4.557603766125095035e+02
7.343645034742355347e+04 4.557603766125095035e+02
7.346900751376152039e+04 4.557603766125095035e+02
7.350377801084518433e+04 4.557603766125095035e+02
7.360260747241973877e+04 4.557603766125095035e+02
7.371556497383117676e+04 4.557603766125095035e+02
7.374758591222763062e+04 4.557603766125095035e+02
7.377926492977142334e+04 4.557603766125095035e+02
7.381183682060241699e+04 4.557603766125095035e+02
7.391377442598342896e+04 4.557603766125095035e+02
7.395059272813796997e+04 4.557603766125095035e+02
7.404944205236434937e+04 4.557603766125095035e+02
7.408132445287704468e+04 4.557603766125095035e+02
7.411317323708534241e+04 4.557603766125095035e+02
7.414489669752120972e+04 4.557603766125095035e+02
7.418037894582748413e+04 4.558074100802257362e+02
7.427925463652610779e+04 4.558074100802257362e+02
7.431495933103561401e+04 4.558074100802257362e+02
7.434638910913467407e+04 4.558074100802257362e+02
7.437862187981605530e+04 4.558074100802257362e+02
7.440999207234382629e+04 4.558074100802257362e+02
7.450721107554435730e+04 4.558074100802257362e+02
7.454221183848381042e+04 4.558074100802257362e+02
7.464134381556510925e+04 4.558074100802257362e+02
7.467233318591117859e+04 4.558074100802257362e+02
7.470394720840454102e+04 4.558074100802257362e+02
7.473598802328109741e+04 4.558074100802257362e+02
7.477261119127273560e+04 4.558074100802257362e+02
7.481067806982994080e+04 4.558074100802257362e+02
7.491789914226531982e+04 4.558074100802257362e+02
7.495048101878166199e+04 4.558074100802257362e+02
7.498058889174461365e+04 4.558074100802257362e+02
7.501199580812454224e+04 4.558074100802257362e+02
7.510534943819046021e+04 4.558074100802257362e+02
7.514133332347869873e+04 4.558074100802257362e+02
7.517569691729545593e+04 4.558214051506864735e+02
7.520635547351837158e+04 4.558214051506864735e+02
7.523734798526763916e+04 4.558214051506864735e+02
7.526873590993881226e+04 4.558214051506864735e+02
7.536595658564567566e+04 4.558214051506864735e+02
7.540236862707138062e+04 4.558214051506864735e+02
7.543851670265197754e+04 4.558214051506864735e+02
7.546900026941299438e+04 4.558214051506864735e+02
7.550055599784851074e+04 4.558214051506864735e+02
7.553311809110641479e+04 4.558214051506864735e+02
7.562720647239685059e+04 4.558214051506864735e+02
7.572721717786788940e+04 4.558214051506864735e+02
7.588303514838218689e+04 4.558841075507739333e+02
7.591345223283767700e+04 4.558841075507739333e+02
7.594542943716049194e+04 4.558841075507739333e+02
7.597752804589271545e+04 4.558841075507739333e+02
7.607996382880210876e+04 4.558841075507739333e+02
7.611795434546470642e+04 4.558841075507739333e+02
7.620170387077331543e+04 4.558841075507739333e+02
7.623321481347084045e+04 4.558841075507739333e+02
7.626428718829154968e+04 4.558841075507739333e+02
7.629700132083892822e+04 4.558841075507739333e+02
7.639629314017295837e+04 4.558841075507739333e+02
7.643352444624900818e+04 4.558841075507739333e+02
7.653269190049171448e+04 4.558841075507739333e+02
7.656422257184982300e+04 4.558841075507739333e+02
7.659530836534500122e+04 4.558841075507739333e+02
7.662788917493820190e+04 4.558841075507739333e+02
7.673019769382476807e+04 4.558841075507739333e+02
7.676711439180374146e+04 4.558841075507739333e+02
7.686606010818481445e+04 4.558841075507739333e+02
7.689808139562606812e+04 4.558841075507739333e+02
7.693122660040855408e+04 4.558841075507739333e+02
7.696371774339675903e+04 4.558841075507739333e+02
7.706286282539367676e+04 4.558841075507739333e+02
7.709779684257507324e+04 4.558841075507739333e+02
7.719671995830535889e+04 4.558841075507739333e+02
7.722730247235298157e+04 4.558841075507739333e+02
7.725821637868881226e+04 4.558841075507739333e+02
7.728942054891586304e+04 4.558841075507739333e+02
7.732612125802040100e+04 4.558841075507739333e+02
7.742585028600692749e+04 4.558841075507739333e+02
7.755314943075180054e+04 4.558841075507739333e+02
7.758522740864753723e+04 4.558841075507739333e+02
7.761603606605529785e+04 4.558841075507739333e+02
7.764861772298812866e+04 4.558841075507739333e+02
7.774503863883018494e+04 4.558841075507739333e+02
7.778205227637290955e+04 4.558841075507739333e+02
7.788110219478607178e+04 4.558841075507739333e+02
7.791313410353660583e+04 4.558841075507739333e+02
7.794542360830307007e+04 4.558841075507739333e+02
7.797800965070724487e+04 4.558841075507739333e+02
7.807483554387092590e+04 4.558841075507739333e+02
7.817406220936775208e+04 4.558841075507739333e+02
7.821000965809822083e+04 4.558841075507739333e+02
7.824212876796722412e+04 4.558841075507739333e+02
7.827295097708702087e+04 4.558841075507739333e+02
7.830581657052040100e+04 4.558841075507739333e+02
7.840675192379951477e+04 4.558841075507739333e+02
7.844216934132575989e+04 4.558841075507739333e+02
7.854113421368598938e+04 4.558841075507739333e+02
7.857195008230209351e+04 4.558841075507739333e+02
7.860298725962638855e+04 4.558841075507739333e+02
7.863556316304206848e+04 4.558841075507739333e+02
7.873420669007301331e+04 4.558841075507739333e+02
7.881427054810523987e+04 4.558841075507739333e+02
7.885033493638038635e+04 4.558841075507739333e+02
7.888179186654090881e+04 4.558841075507739333e+02
7.891341616797447205e+04 4.558841075507739333e+02
7.894597652649879456e+04 4.558841075507739333e+02
7.904690621972084045e+04 4.558841075507739333e+02
