3.924020700474067702e+00 -1.031666666666666643e+01
3.952840856675701620e+00 -7.691666666666667140e+01
3.969042967305813185e+00 -8.139999999999999147e+01
4.009875633712160159e+00 -8.615833333333333144e+01
3.983265352566545126e+00 -8.445000000000000284e+01
4.052578525044657987e+00 -8.776666666666666572e+01
4.106088858382442197e+00 -8.868333333333333712e+01
4.085718595165402256e+00 -8.825000000000000000e+01
4.093981703914113091e+00 -8.837500000000000000e+01
4.034468022755042682e+00 -8.731666666666666288e+01
6.315595053624616817e+00 -9.040833333333333144e+01
3.981863890991350186e+00 -8.409999999999999432e+01
4.057932227380608659e+00 -8.778333333333333144e+01
4.059941888061954884e+00 -8.801666666666666572e+01
4.021891873919108740e+00 -8.619166666666666288e+01
6.255178156443164106e+00 -9.037500000000000000e+01
6.352170357695622549e+00 -9.084166666666666856e+01
3.981818607170663604e+00 -8.265833333333333144e+01
3.957319896855340691e+00 -8.080833333333333712e+01
5.983194032505664062e+00 -9.018333333333333712e+01
4.376978220308016532e+00 -8.909166666666666856e+01
5.822211899040236283e+00 -9.010000000000000853e+01
3.917977882592908134e+00 -9.775000000000000355e+00
4.501251021855857459e+00 -8.963333333333332575e+01
