5.822211899040236283e+00 -9.010000000000000853e+01
4.001603924149797820e+00 -8.804166666666665719e+01
5.829295408560457581e+00 -9.052500000000000568e+01
3.872913441620395414e+00 -8.798333333333333428e+01
4.035269600099436360e+00 -8.914999999999999147e+01
5.795429507240422495e+00 -8.982500000000000284e+01
2.965201701025911962e+00 -8.234166666666666856e+01
2.955206537541941625e+00 -7.285000000000000853e+01
2.909556029241175068e+00 -7.224166666666667425e+01
3.082785370316450280e+00 -8.411666666666666003e+01
3.158663980813989358e+00 -8.450833333333332575e+01
3.870637963210805665e+00 -8.655833333333333712e+01
4.300508529343291642e+00 -8.966666666666665719e+01
3.201123897207379443e+00 -8.526666666666666572e+01
3.652826302561004823e+00 -8.615000000000000568e+01
6.165084590374925178e+00 -9.086666666666666003e+01
