4.001603924149797820e+00 -8.804166666666665719e+01
3.872913441620395414e+00 -8.798333333333333428e+01
4.035269600099436360e+00 -8.914999999999999147e+01
2.909556029241175068e+00 -7.224166666666667425e+01
3.082785370316450280e+00 -8.411666666666666003e+01
4.300508529343291642e+00 -8.966666666666665719e+01
3.201123897207379443e+00 -8.526666666666666572e+01
3.780029127337338313e+00 -8.783333333333332860e+01
4.205529151061801585e+00 -8.934166666666666856e+01
4.412662107372581133e+00 -8.973333333333333428e+01
3.211120541258049244e+00 -8.576666666666666572e+01
6.173435114882240171e+00 -9.128333333333333144e+01
2.925312091499649547e+00 -7.232499999999998863e+01
6.165084590374925178e+00 -9.092499999999999716e+01
5.796810147969161164e+00 -9.052500000000000568e+01
5.090984209632980928e+00 -9.014166666666666572e+01
5.829295408560457581e+00 -9.079166666666667140e+01
3.300160536951352253e+00 -8.633333333333332860e+01
3.098989639401177332e+00 -8.510833333333333428e+01
3.589279221235967210e+00 -8.723333333333333428e+01
2.928907690243952811e+00 -7.920000000000000284e+01
4.209354134940159753e+00 -8.939166666666666572e+01
2.965201701025911962e+00 -8.329999999999999716e+01
3.632457292184724462e+00 -8.740000000000000568e+01
