3.924020700474067702e+00 -1.031666666666666643e+01
4.106088858382442197e+00 -8.868333333333333712e+01
4.085718595165402256e+00 -8.825000000000000000e+01
4.093981703914113091e+00 -8.837500000000000000e+01
6.352170357695622549e+00 -9.084166666666666856e+01
4.376978220308016532e+00 -8.909166666666666856e+01
5.822211899040236283e+00 -9.010000000000000853e+01
3.917977882592908134e+00 -9.775000000000000355e+00
4.501251021855857459e+00 -8.963333333333332575e+01
4.001603924149797820e+00 -8.804166666666665719e+01
3.934447948948970097e+00 -8.370000000000000284e+01
4.089869801509552261e+00 -8.826666666666666572e+01
3.962511393507596846e+00 -8.708333333333332860e+01
5.829295408560457581e+00 -9.052500000000000568e+01
