3.924020700474067702e+00 -1.031666666666666643e+01
3.952840856675701620e+00 -7.691666666666667140e+01
3.969042967305813185e+00 -8.139999999999999147e+01
4.009875633712160159e+00 -8.615833333333333144e+01
3.983265352566545126e+00 -8.445000000000000284e+01
4.052578525044657987e+00 -8.776666666666666572e+01
4.106088858382442197e+00 -8.868333333333333712e+01
5.983194032505664062e+00 -9.007500000000000284e+01
5.849878037152355326e+00 -8.879166666666667140e+01
4.085718595165402256e+00 -8.825000000000000000e+01
4.077295213932091045e+00 -8.800000000000000000e+01
4.093981703914113091e+00 -8.837500000000000000e+01
4.034468022755042682e+00 -8.731666666666666288e+01
6.315595053624616817e+00 -9.040833333333333144e+01
