-4.676470588235294201e+01 3.809627041894049881e+00
-5.558823529411765207e+01 3.876737297140664396e+00
-5.029411764705882604e+01 3.866405498378054695e+00
-2.147058823529411598e+01 3.764624397850981463e+00
-4.029411764705882604e+01 3.768860000842956914e+00
-4.705882352941176094e+01 3.855942946232315816e+00
-4.529411764705882604e+01 3.783260232872948770e+00
-5.735294117647058698e+01 4.538322333231439742e+00
-5.588235294117647101e+01 4.403120521175817537e+00
-4.441176470588234793e+01 3.770483809431107947e+00
