-5.235294117647059409e+01 4.294135419126248188e+00
-5.500000000000000711e+01 4.482101453486598608e+00
-5.352941176470588402e+01 4.300095257323716780e+00
-5.147058823529411598e+01 3.969741976762854119e+00
-5.000000000000000000e+01 3.876737297140664396e+00
-4.352941176470588402e+01 3.794697126891998451e+00
-4.029411764705882604e+01 3.782114147479071153e+00
-4.647058823529411598e+01 3.861235618634040190e+00
-3.794117647058823195e+01 3.770483809431107947e+00
-5.558823529411765207e+01 4.834935447605739789e+00
