-4.558823529411764497e+01 4.018908444316327433e+00
-2.058823529411764497e+01 3.770631127777806402e+00
-4.676470588235294201e+01 4.371086342494794330e+00
-3.411764705882352899e+01 3.809492376937341884e+00
-4.764705882352940591e+01 4.741577014780422594e+00
-3.529411764705882604e+01 3.894205259142083708e+00
-4.382352941176470296e+01 3.917663024327374899e+00
-4.941176470588235503e+01 5.146168361150761150e+00
-4.882352941176470296e+01 4.840476216673200049e+00
-5.264705882352941302e+01 5.332676751501403523e+00
