-4.558823529411764497e+01 4.018908444316327433e+00
-2.058823529411764497e+01 3.770631127777806402e+00
-3.411764705882352899e+01 3.809492376937341884e+00
-3.529411764705882604e+01 3.894205259142083708e+00
-4.382352941176470296e+01 3.917663024327374899e+00
-3.823529411764705799e+01 3.908753019184533883e+00
-5.441176470588234793e+01 5.192277455212678028e+00
-5.352941176470588402e+01 4.495016758749676100e+00
-5.235294117647059409e+01 4.294135419126248188e+00
-4.705882352941176094e+01 4.291812687467118970e+00
