-5.500000000000000711e+01 4.482101453486598608e+00
-5.147058823529411598e+01 3.969741976762854119e+00
-4.352941176470588402e+01 3.794697126891998451e+00
-4.647058823529411598e+01 3.861235618634040190e+00
-5.558823529411765207e+01 4.834935447605739789e+00
-4.058823529411764497e+01 3.770483809431107947e+00
-4.735294117647058698e+01 3.866464565971740264e+00
-5.411764705882352899e+01 4.182614347736349991e+00
-4.176470588235294201e+01 3.781539968605941660e+00
-5.058823529411764497e+01 3.876737297140664396e+00
