-2.058823529411764497e+01 3.770631127777806402e+00
-3.411764705882352899e+01 3.809492376937341884e+00
-5.235294117647059409e+01 4.294135419126248188e+00
-3.764705882352941302e+01 3.866759783495107961e+00
-4.882352941176470296e+01 4.064532861131578301e+00
-5.058823529411764497e+01 4.161517733138683006e+00
-4.794117647058823906e+01 3.930745328311113340e+00
-5.500000000000000711e+01 4.482101453486598608e+00
-3.882352941176471006e+01 3.902655475217925662e+00
-2.352941176470588047e+01 3.808818425092124205e+00
-4.294117647058823195e+01 3.912222056532415504e+00
-4.205882352941176805e+01 3.902981399797502693e+00
-3.647058823529411598e+01 3.829818187438877697e+00
-4.470588235294118107e+01 3.922050402167173822e+00
-4.382352941176470296e+01 3.915558115411520212e+00
