-4.058823529411764497e+01 3.770483809431107947e+00
-3.970588235294117396e+01 3.768860000842956914e+00
-4.676470588235294201e+01 3.809627041894049881e+00
-4.705882352941176094e+01 3.861235618634040190e+00
-4.294117647058823195e+01 3.781539968605941660e+00
-5.558823529411765207e+01 3.876737297140664396e+00
-5.029411764705882604e+01 3.866405498378054695e+00
-4.470588235294118107e+01 3.793021659845983162e+00
-5.617647058823529704e+01 4.538322333231439742e+00
-2.147058823529411598e+01 3.764624397850981463e+00
