-5.500000000000000711e+01 4.482101453486598608e+00
-5.147058823529411598e+01 3.969741976762854119e+00
-4.352941176470588402e+01 3.794697126891998451e+00
-5.558823529411765207e+01 4.834935447605739789e+00
-4.058823529411764497e+01 3.770483809431107947e+00
-5.411764705882352899e+01 4.182614347736349991e+00
-4.176470588235294201e+01 3.781539968605941660e+00
-3.970588235294117396e+01 3.768860000842956914e+00
-4.882352941176470296e+01 3.866464565971740264e+00
-5.441176470588234793e+01 4.437956566081314946e+00
-4.676470588235294201e+01 3.820661134643595691e+00
-5.294117647058823906e+01 4.172427777151464845e+00
-4.735294117647058698e+01 3.866405498378054695e+00
-5.117647058823528994e+01 3.876737297140664396e+00
