-2.058823529411764497e+01 3.770631127777806402e+00
-5.235294117647059409e+01 4.294135419126248188e+00
-3.764705882352941302e+01 3.866759783495107961e+00
-5.500000000000000711e+01 4.482101453486598608e+00
-3.647058823529411598e+01 3.829818187438877697e+00
-5.352941176470588402e+01 4.300095257323716780e+00
-3.911764705882352899e+01 3.868526886768203887e+00
-3.500000000000000000e+01 3.805840548814672708e+00
-5.147058823529411598e+01 3.969741976762854119e+00
-5.000000000000000000e+01 3.876737297140664396e+00
-2.823529411764705799e+01 3.787247880331953809e+00
-3.705882352941176805e+01 3.863560764526242419e+00
