-4.558823529411764497e+01 4.018908444316327433e+00
-2.058823529411764497e+01 3.770631127777806402e+00
-3.411764705882352899e+01 3.809492376937341884e+00
-4.382352941176470296e+01 3.917663024327374899e+00
-3.823529411764705799e+01 3.908753019184533883e+00
-5.441176470588234793e+01 5.192277455212678028e+00
-5.352941176470588402e+01 4.495016758749676100e+00
-5.235294117647059409e+01 4.294135419126248188e+00
-4.529411764705882604e+01 3.930745328311113340e+00
-5.500000000000000711e+01 5.193194191252920255e+00
-3.764705882352941302e+01 3.866759783495107961e+00
-4.676470588235294201e+01 4.029383777685209722e+00
-4.882352941176470296e+01 4.064532861131578301e+00
-5.058823529411764497e+01 4.161517733138683006e+00
