7.667964696884155273e+00 1.418986948850846197e+01
8.244855642318725586e+00 1.418986948850846197e+01
8.417175769805908203e+00 2.159477035388493604e+01
8.865983009338378906e+00 2.159477035388493604e+01
1.776297116279602051e+01 2.159477035388493604e+01
1.974916172027587891e+01 2.159477035388493604e+01
2.130812287330627441e+01 5.866158468574056428e+01
2.173171567916870117e+01 5.866158468574056428e+01
2.187898445129394531e+01 5.873030592656253646e+01
2.437560725212097168e+01 9.771641629159621800e+01
2.504099154472351074e+01 9.771641629159621800e+01
3.099619436264038086e+01 1.046180565609272435e+02
3.116705775260925293e+01 1.058462487442285607e+02
3.146269702911376953e+01 1.058462487442285607e+02
3.173471212387084961e+01 1.058462487442285607e+02
3.971528124809265137e+01 1.058462487442285607e+02
4.226748561859130859e+01 1.083319313930266787e+02
4.363199567794799805e+01 1.086819812321563319e+02
4.381960034370422363e+01 1.086819812321563319e+02
4.397351670265197754e+01 1.086819812321563319e+02
4.427105093002319336e+01 1.086819812321563319e+02
4.517383480072021484e+01 1.086819812321563319e+02
4.658623218536376953e+01 1.086819812321563319e+02
5.961304807662963867e+01 1.086819812321563319e+02
5.997404980659484863e+01 1.086819812321563319e+02
6.026915907859802246e+01 1.086819812321563319e+02
6.042691254615783691e+01 1.086819812321563319e+02
6.219380426406860352e+01 1.086819812321563319e+02
6.308817243576049805e+01 1.127122306684556321e+02
6.462173557281494141e+01 1.127122306684556321e+02
6.615795969963073730e+01 1.130227708328356044e+02
6.650874638557434082e+01 1.130227708328356044e+02
6.665741157531738281e+01 1.135722157509911057e+02
7.830532479286193848e+01 1.212267169495097647e+02
8.010212993621826172e+01 1.232046745719352145e+02
8.424178075790405273e+01 1.471963671471417001e+02
8.455583143234252930e+01 1.471963671471417001e+02
8.490959239006042480e+01 1.471963671471417001e+02
8.615493178367614746e+01 1.471963671471417001e+02
8.790385627746582031e+01 1.471963671471417001e+02
8.965621066093444824e+01 1.471963671471417001e+02
9.127654767036437988e+01 1.481585954835408074e+02
9.148434233665466309e+01 1.481585954835408074e+02
9.172984361648559570e+01 1.481585954835408074e+02
9.200590896606445312e+01 1.481585954835408074e+02
9.268393135070800781e+01 1.481585954835408074e+02
9.511018872261047363e+01 1.481585954835408074e+02
9.945017218589782715e+01 1.546249257420044785e+02
1.008857717514038086e+02 1.546249257420044785e+02
1.011477627754211426e+02 1.546249257420044785e+02
1.012651021480560303e+02 1.549522348225744963e+02
1.026265594959259033e+02 1.560163451135574064e+02
1.052855501174926758e+02 1.566928478670108120e+02
1.066874940395355225e+02 1.576573517867964256e+02
1.079027845859527588e+02 1.576573517867964256e+02
1.080425260066986084e+02 1.576573517867964256e+02
1.109254117012023926e+02 1.594022408139989579e+02
1.141344861984252930e+02 1.594022408139989579e+02
1.158394634723663330e+02 1.596848096332491309e+02
1.194324429035186768e+02 1.596848096332491309e+02
1.209300146102905273e+02 1.596848096332491309e+02
1.214684956073760986e+02 1.596848096332491309e+02
1.234858005046844482e+02 1.597564390798096952e+02
1.258436889648437500e+02 1.597564390798096952e+02
1.298712372779846191e+02 1.637415249907793395e+02
1.321331408023834229e+02 1.642518309615787757e+02
1.338941321372985840e+02 1.642518309615787757e+02
1.343671238422393799e+02 1.642518309615787757e+02
1.375733175277709961e+02 1.642518309615787757e+02
1.410181593894958496e+02 1.642518309615787757e+02
1.428817536830902100e+02 1.642518309615787757e+02
1.478104310035705566e+02 1.642518309615787757e+02
1.494558689594268799e+02 1.642518309615787757e+02
1.498640279769897461e+02 1.642518309615787757e+02
1.576844501495361328e+02 1.642518309615787757e+02
1.737088065147399902e+02 1.642518309615787757e+02
1.762119510173797607e+02 1.642518309615787757e+02
1.786498007774353027e+02 1.647317001541882178e+02
1.803938331604003906e+02 1.647317001541882178e+02
1.849343714714050293e+02 1.647317001541882178e+02
1.916117265224456787e+02 1.647317001541882178e+02
2.251547198295593262e+02 1.649749573414107999e+02
2.275715441703796387e+02 1.650266261569914832e+02
2.328008387088775635e+02 1.652890028931938673e+02
2.343636941909790039e+02 1.652890028931938673e+02
2.389085874557495117e+02 1.652890028931938673e+02
2.457056858539581299e+02 1.652890028931938673e+02
2.783384423255920410e+02 1.657035687016984298e+02
2.803237013816833496e+02 1.657035687016984298e+02
2.840129592418670654e+02 1.657035687016984298e+02
2.861516211032867432e+02 1.657035687016984298e+02
2.881868815422058105e+02 1.657035687016984298e+02
2.891125345230102539e+02 1.657035687016984298e+02
2.925303101539611816e+02 1.657035687016984298e+02
2.955500967502593994e+02 1.657035687016984298e+02
3.009784381389617920e+02 1.657035687016984298e+02
3.051682527065277100e+02 1.657035687016984298e+02
3.094914019107818604e+02 1.657035687016984298e+02
3.102239775657653809e+02 1.657035687016984298e+02
3.123938546180725098e+02 1.657035687016984298e+02
3.193153598308563232e+02 1.657035687016984298e+02
3.225989201068878174e+02 1.657035687016984298e+02
3.243325061798095703e+02 1.657035687016984298e+02
3.287818033695220947e+02 1.657035687016984298e+02
3.301031486988067627e+02 1.657035687016984298e+02
3.466633093357086182e+02 1.721971994115993994e+02
3.504723072052001953e+02 1.721971994115993994e+02
3.532083053588867188e+02 1.790582170902387418e+02
3.562245330810546875e+02 1.790582170902387418e+02
3.598122889995574951e+02 1.790582170902387418e+02
3.613403232097625732e+02 1.790582170902387418e+02
3.693936707973480225e+02 1.790582170902387418e+02
3.908286025524139404e+02 1.790582170902387418e+02
4.119405460357666016e+02 1.790582170902387418e+02
4.134258558750152588e+02 1.790582170902387418e+02
4.173084630966186523e+02 1.790582170902387418e+02
4.207085170745849609e+02 1.790582170902387418e+02
4.301954514980316162e+02 1.790582170902387418e+02
4.505980165004730225e+02 1.790582170902387418e+02
4.521595606803894043e+02 1.790582170902387418e+02
4.534008536338806152e+02 1.790582170902387418e+02
4.579655475616455078e+02 1.790582170902387418e+02
4.589364681243896484e+02 1.790582170902387418e+02
4.663260562419891357e+02 1.790582170902387418e+02
4.823308050632476807e+02 1.796643241524249675e+02
4.861177244186401367e+02 1.796643241524249675e+02
4.882152905464172363e+02 1.796643241524249675e+02
4.927648465633392334e+02 1.796643241524249675e+02
4.986951706409454346e+02 1.796643241524249675e+02
5.121688902378082275e+02 1.796643241524249675e+02
5.137519135475158691e+02 1.796643241524249675e+02
5.304718635082244873e+02 1.796643241524249675e+02
5.324985487461090088e+02 1.796643241524249675e+02
5.430201244354248047e+02 1.796643241524249675e+02
5.456477885246276855e+02 1.796643241524249675e+02
5.480540201663970947e+02 1.796643241524249675e+02
5.646868605613708496e+02 1.796643241524249675e+02
5.704251248836517334e+02 1.796643241524249675e+02
5.727908422946929932e+02 1.796643241524249675e+02
5.772955400943756104e+02 1.796643241524249675e+02
5.833308875560760498e+02 1.796643241524249675e+02
5.912190794944763184e+02 1.796643241524249675e+02
5.919610373973846436e+02 1.796643241524249675e+02
6.045667011737823486e+02 1.812861966016662336e+02
6.061333961486816406e+02 1.812861966016662336e+02
6.075535984039306641e+02 1.812861966016662336e+02
6.103704438209533691e+02 1.812861966016662336e+02
6.162397189140319824e+02 1.812861966016662336e+02
6.330942776203155518e+02 1.812861966016662336e+02
6.340593137741088867e+02 1.812861966016662336e+02
6.368599710464477539e+02 1.812861966016662336e+02
6.453343904018402100e+02 1.812861966016662336e+02
6.507772014141082764e+02 1.812861966016662336e+02
6.591162967681884766e+02 1.812861966016662336e+02
6.599198687076568604e+02 1.812861966016662336e+02
6.765590784549713135e+02 1.812861966016662336e+02
6.788084776401519775e+02 1.812861966016662336e+02
6.816529099941253662e+02 1.812861966016662336e+02
6.849832177162170410e+02 1.812861966016662336e+02
6.860681607723236084e+02 1.812861966016662336e+02
6.913511667251586914e+02 1.812861966016662336e+02
6.924089803695678711e+02 1.812861966016662336e+02
7.014195115566253662e+02 1.812861966016662336e+02
7.060776975154876709e+02 1.812861966016662336e+02
7.096357922554016113e+02 1.812861966016662336e+02
7.226286497116088867e+02 1.812861966016662336e+02
7.247443258762359619e+02 1.812861966016662336e+02
7.795857815742492676e+02 1.812861966016662336e+02
7.817015695571899414e+02 1.812861966016662336e+02
7.860758953094482422e+02 1.812861966016662336e+02
7.919018933773040771e+02 1.812861966016662336e+02
7.929564256668090820e+02 1.812861966016662336e+02
8.232573099136352539e+02 1.812861966016662336e+02
8.241685020923614502e+02 1.812861966016662336e+02
8.262551829814910889e+02 1.812861966016662336e+02
8.278655006885528564e+02 1.812861966016662336e+02
8.339403338432312012e+02 1.812861966016662336e+02
8.463476648330688477e+02 1.812861966016662336e+02
8.473757452964782715e+02 1.812861966016662336e+02
8.646175129413604736e+02 1.812861966016662336e+02
8.662060477733612061e+02 1.812861966016662336e+02
8.708053975105285645e+02 1.812861966016662336e+02
8.743487520217895508e+02 1.812861966016662336e+02
8.816872487068176270e+02 1.812861966016662336e+02
8.978949375152587891e+02 1.812861966016662336e+02
9.154389662742614746e+02 1.812861966016662336e+02
9.176356382369995117e+02 1.812861966016662336e+02
9.235357105731964111e+02 1.812861966016662336e+02
9.271054375171661377e+02 1.812861966016662336e+02
9.365173430442810059e+02 1.812861966016662336e+02
9.446912446022033691e+02 1.812861966016662336e+02
9.650133423805236816e+02 1.812861966016662336e+02
9.671323673725128174e+02 1.812861966016662336e+02
9.706715176105499268e+02 1.812861966016662336e+02
9.763906815052032471e+02 1.812861966016662336e+02
9.834870886802673340e+02 1.812861966016662336e+02
9.949189813137054443e+02 1.820723328147199140e+02
1.002058821439743042e+03 1.820723328147199140e+02
1.004119504451751709e+03 1.820723328147199140e+02
1.010189193010330200e+03 1.820723328147199140e+02
1.016353004455566406e+03 1.820723328147199140e+02
1.033171006441116333e+03 1.820723328147199140e+02
1.044218147993087769e+03 1.820723328147199140e+02
1.054369183063507080e+03 1.822785812071553266e+02
1.056284684419631958e+03 1.822785812071553266e+02
1.058655132770538330e+03 1.822785812071553266e+02
1.064711687326431274e+03 1.822785812071553266e+02
1.072107319831848145e+03 1.822785812071553266e+02
1.083677497863769531e+03 1.822785812071553266e+02
1.086356392145156860e+03 1.823008517203634256e+02
1.089985924482345581e+03 1.823008517203634256e+02
1.092178854465484619e+03 1.823008517203634256e+02
1.098254448175430298e+03 1.823008517203634256e+02
1.107544018268585205e+03 1.823008517203634256e+02
1.108954080343246460e+03 1.823254395490031357e+02
1.116125242233276367e+03 1.829575025301382425e+02
1.118074043512344360e+03 1.829575025301382425e+02
1.124027731418609619e+03 1.829575025301382425e+02
1.130044218063354492e+03 1.829575025301382425e+02
1.131427578210830688e+03 1.829575025301382425e+02
1.132687746763229370e+03 1.829575025301382425e+02
1.133413053989410400e+03 1.829575025301382425e+02
1.141063261508941650e+03 1.829575025301382425e+02
1.147162776947021484e+03 1.829575025301382425e+02
1.153188991785049438e+03 1.829575025301382425e+02
1.161068101167678833e+03 1.829575025301382425e+02
1.168086638212203979e+03 1.833754956170134562e+02
1.172613041162490845e+03 1.833754956170134562e+02
1.174664549112319946e+03 1.833754956170134562e+02
1.177589698791503906e+03 1.833754956170134562e+02
1.181190415143966675e+03 1.833754956170134562e+02
1.189783919095993042e+03 1.833754956170134562e+02
1.200395315170288086e+03 1.833754956170134562e+02
1.208386101245880127e+03 1.833754956170134562e+02
1.210793914079666138e+03 1.833754956170134562e+02
1.219928600549697876e+03 1.833754956170134562e+02
1.226128233671188354e+03 1.833754956170134562e+02
1.241242042541503906e+03 1.833754956170134562e+02
1.257794829368591309e+03 1.833917209529233219e+02
1.271136722564697266e+03 1.833917209529233219e+02
1.274822422266006470e+03 1.833917209529233219e+02
1.283762813329696655e+03 1.833917209529233219e+02
1.289542891502380371e+03 1.833917209529233219e+02
1.296659575462341309e+03 1.833917209529233219e+02
1.313523458957672119e+03 1.833917209529233219e+02
1.320496856451034546e+03 1.833917209529233219e+02
1.322579020500183105e+03 1.833917209529233219e+02
1.328243061780929565e+03 1.833917209529233219e+02
1.333601968526840210e+03 1.833917209529233219e+02
1.346014759302139282e+03 1.833917209529233219e+02
1.361696427583694458e+03 1.848895662494941519e+02
1.374313947200775146e+03 1.848895662494941519e+02
1.375942838430404663e+03 1.848895662494941519e+02
1.381334994554519653e+03 1.848895662494941519e+02
1.387294944286346436e+03 1.848895662494941519e+02
1.423796625375747681e+03 1.848895662494941519e+02
1.433993418216705322e+03 1.848895662494941519e+02
1.450315075874328613e+03 1.850023266814875740e+02
1.452107187271118164e+03 1.850023266814875740e+02
1.453610109090805054e+03 1.850023266814875740e+02
1.455699362754821777e+03 1.850023266814875740e+02
1.483655023097991943e+03 1.850023266814875740e+02
1.500386805772781372e+03 1.850096395532442557e+02
1.510987796545028687e+03 1.850096395532442557e+02
1.513253183126449585e+03 1.850096395532442557e+02
1.519157887220382690e+03 1.850096395532442557e+02
1.521488216638565063e+03 1.850096395532442557e+02
1.534509222745895386e+03 1.850096395532442557e+02
1.543625643253326416e+03 1.850096395532442557e+02
1.559529660463333130e+03 1.850096395532442557e+02
1.568371314525604248e+03 1.850096395532442557e+02
1.570445107936859131e+03 1.850096395532442557e+02
1.579396112442016602e+03 1.850096395532442557e+02
1.620353185892105103e+03 1.850201076604036530e+02
1.638631799459457397e+03 1.857280010360844074e+02
1.646973255634307861e+03 1.857280010360844074e+02
1.655938178300857544e+03 1.857280010360844074e+02
1.658082968235015869e+03 1.857280010360844074e+02
1.663486799001693726e+03 1.857280010360844074e+02
1.671829787492752075e+03 1.857280010360844074e+02
1.682321431398391724e+03 1.857280010360844074e+02
1.701608137845993042e+03 1.857280010360844074e+02
1.703587155580520630e+03 1.857280010360844074e+02
1.708328188419342041e+03 1.857280010360844074e+02
1.714429634332656860e+03 1.857280010360844074e+02
1.721615779399871826e+03 1.857280010360844074e+02
1.739937946081161499e+03 1.857280010360844074e+02
1.767015940904617310e+03 1.866285262773849354e+02
1.768869291067123413e+03 1.866285262773849354e+02
1.774301878929138184e+03 1.866285262773849354e+02
1.783113557338714600e+03 1.866285262773849354e+02
1.801507370233535767e+03 1.866285262773849354e+02
1.809832098722457886e+03 1.866601096954228751e+02
1.850723970413208008e+03 1.866601096954228751e+02
1.854458533287048340e+03 1.866601096954228751e+02
1.860265984535217285e+03 1.866601096954228751e+02
1.863856596708297729e+03 1.866601096954228751e+02
1.896312930107116699e+03 1.866601096954228751e+02
1.914891788959503174e+03 1.866601096954228751e+02
1.923436133861541748e+03 1.866601096954228751e+02
1.925662989139556885e+03 1.866601096954228751e+02
1.931604250431060791e+03 1.866601096954228751e+02
1.933713078975677490e+03 1.866601096954228751e+02
1.952006303071975708e+03 1.866601096954228751e+02
1.994893257141113281e+03 1.866601096954228751e+02
2.004365663051605225e+03 1.867270805320613931e+02
2.006522223472595215e+03 1.867270805320613931e+02
2.012392305374145508e+03 1.867270805320613931e+02
2.014802400588989258e+03 1.867270805320613931e+02
2.055547770261764526e+03 1.867270805320613931e+02
2.074062829732894897e+03 1.867489140096872688e+02
2.082414696216583252e+03 1.867489140096872688e+02
2.086082767486572266e+03 1.867489140096872688e+02
2.092115820407867432e+03 1.867489140096872688e+02
2.100978833913803101e+03 1.867489140096872688e+02
2.137416359663009644e+03 1.867489140096872688e+02
2.145752701997756958e+03 1.867489140096872688e+02
2.164014363288879395e+03 1.867489140096872688e+02
2.166219247579574585e+03 1.867489140096872688e+02
2.175392714977264404e+03 1.867489140096872688e+02
2.181541617155075073e+03 1.867489140096872688e+02
2.188379151105880737e+03 1.867489140096872688e+02
2.224042104959487915e+03 1.868415862817464017e+02
2.241549996852874756e+03 1.868415862817464017e+02
2.243858191251754761e+03 1.868415862817464017e+02
2.249696323871612549e+03 1.868415862817464017e+02
2.254243459939956665e+03 1.868415862817464017e+02
2.268175170183181763e+03 1.868415862817464017e+02
2.276455778360366821e+03 1.868415862817464017e+02
2.291375306367874146e+03 1.868415862817464017e+02
2.293454955339431763e+03 1.868415862817464017e+02
2.299249499559402466e+03 1.868415862817464017e+02
2.305196741580963135e+03 1.868415862817464017e+02
2.311112426996231079e+03 1.868415862817464017e+02
2.314052819728851318e+03 1.868415862817464017e+02
2.331016231060028076e+03 1.868415862817464017e+02
2.334677906513214111e+03 1.868415862817464017e+02
2.340722853183746338e+03 1.868415862817464017e+02
2.344478593587875366e+03 1.868415862817464017e+02
2.380648965358734131e+03 1.868415862817464017e+02
2.389111527442932129e+03 1.868415862817464017e+02
2.413451885700225830e+03 1.868415862817464017e+02
2.416956678628921509e+03 1.868415862817464017e+02
2.422861568689346313e+03 1.868415862817464017e+02
2.428067742586135864e+03 1.868415862817464017e+02
2.432890772104263306e+03 1.868415862817464017e+02
2.459033843517303467e+03 1.868415862817464017e+02
2.467672921180725098e+03 1.868415862817464017e+02
2.476653177261352539e+03 1.868415862817464017e+02
2.479079570531845093e+03 1.868415862817464017e+02
2.482364733219146729e+03 1.868415862817464017e+02
2.500594880580902100e+03 1.868415862817464017e+02
2.507814293622970581e+03 1.871132874188309074e+02
2.528381834030151367e+03 1.871132874188309074e+02
2.532932325124740601e+03 1.871132874188309074e+02
2.539041632890701294e+03 1.871132874188309074e+02
2.547967625856399536e+03 1.871132874188309074e+02
2.562210367202758789e+03 1.871132874188309074e+02
2.578337069988250732e+03 1.871132874188309074e+02
2.594620315551757812e+03 1.871132874188309074e+02
2.598129286050796509e+03 1.871132874188309074e+02
2.607184227466583252e+03 1.871132874188309074e+02
2.610598770856857300e+03 1.871132874188309074e+02
2.628902798175811768e+03 1.871132874188309074e+02
2.637238084554672241e+03 1.871132874188309074e+02
2.657327022314071655e+03 1.872535279677926212e+02
2.660913542509078979e+03 1.872535279677926212e+02
2.669825696945190430e+03 1.872535279677926212e+02
2.674359379768371582e+03 1.872535279677926212e+02
2.680028431653976440e+03 1.872535279677926212e+02
2.697744357824325562e+03 1.872535279677926212e+02
2.700990197420120239e+03 1.872535279677926212e+02
2.705571959972381592e+03 1.872535279677926212e+02
2.711622621774673462e+03 1.872535279677926212e+02
2.717419511556625366e+03 1.872535279677926212e+02
2.731268374681472778e+03 1.872535279677926212e+02
2.738560463428497314e+03 1.872535279677926212e+02
2.757141442537307739e+03 1.872535279677926212e+02
2.760819386243820190e+03 1.872535279677926212e+02
2.764057166814804077e+03 1.872535279677926212e+02
2.770061658620834351e+03 1.872535279677926212e+02
2.782648384809494019e+03 1.872535279677926212e+02
2.790648425817489624e+03 1.872535279677926212e+02
2.797692131042480469e+03 1.872535279677926212e+02
2.801334526062011719e+03 1.872535279677926212e+02
2.805974167585372925e+03 1.872535279677926212e+02
2.811774638175964355e+03 1.872535279677926212e+02
2.825803814888000488e+03 1.872535279677926212e+02
2.842521004676818848e+03 1.872535279677926212e+02
2.859307727575302124e+03 1.872535279677926212e+02
2.862590193986892700e+03 1.872535279677926212e+02
2.868314042091369629e+03 1.872535279677926212e+02
2.871751783370971680e+03 1.872535279677926212e+02
2.879331724882125854e+03 1.872535279677926212e+02
2.891217264890670776e+03 1.872535279677926212e+02
2.899742293834686279e+03 1.872535279677926212e+02
2.902794436454772949e+03 1.872535279677926212e+02
2.906362743854522705e+03 1.872535279677926212e+02
2.912480377674102783e+03 1.872535279677926212e+02
2.923436989784240723e+03 1.872535279677926212e+02
2.931000870227813721e+03 1.872535279677926212e+02
2.946857475996017456e+03 1.872535279677926212e+02
2.955842978239059448e+03 1.872535279677926212e+02
2.961802459955215454e+03 1.872535279677926212e+02
2.967916043519973755e+03 1.872535279677926212e+02
3.008231943130493164e+03 1.872535279677926212e+02
3.020540226459503174e+03 1.872535279677926212e+02
3.022974611997604370e+03 1.872535279677926212e+02
3.031733122110366821e+03 1.872535279677926212e+02
3.036308308362960815e+03 1.872535279677926212e+02
3.045046664476394653e+03 1.872535279677926212e+02
3.085744281291961670e+03 1.872535279677926212e+02
3.102130443811416626e+03 1.872535279677926212e+02
3.119202469110488892e+03 1.872535279677926212e+02
3.128105396747589111e+03 1.872535279677926212e+02
3.133838097095489502e+03 1.872535279677926212e+02
3.142864861726760864e+03 1.872535279677926212e+02
3.179355969667434692e+03 1.872535279677926212e+02
3.185963352680206299e+03 1.872535279677926212e+02
3.189021293640136719e+03 1.872535279677926212e+02
3.197950977087020874e+03 1.872535279677926212e+02
3.203799140930175781e+03 1.872535279677926212e+02
3.212935925722122192e+03 1.872535279677926212e+02
3.231753719806671143e+03 1.872535279677926212e+02
3.234217858791351318e+03 1.872535279677926212e+02
3.250107836246490479e+03 1.872535279677926212e+02
3.258725794553756714e+03 1.872535279677926212e+02
3.264154054641723633e+03 1.872535279677926212e+02
3.272595808982849121e+03 1.872535279677926212e+02
3.313363549232482910e+03 1.872535279677926212e+02
3.334003324508666992e+03 1.872535279677926212e+02
3.336516360044479370e+03 1.872535279677926212e+02
3.342501404047012329e+03 1.872535279677926212e+02
3.348601635932922363e+03 1.872535279677926212e+02
3.357632370471954346e+03 1.872535279677926212e+02
3.394313914775848389e+03 1.872535279677926212e+02
3.410743752241134644e+03 1.872535279677926212e+02
3.425740807533264160e+03 1.872535279677926212e+02
3.434426633119583130e+03 1.872535279677926212e+02
3.443504921674728394e+03 1.872535279677926212e+02
3.449597230434417725e+03 1.872535279677926212e+02
3.455448270320892334e+03 1.872535279677926212e+02
3.473847890615463257e+03 1.873794803578440451e+02
3.481390450000762939e+03 1.873794803578440451e+02
3.490509382009506226e+03 1.873794803578440451e+02
3.496466770172119141e+03 1.873794803578440451e+02
3.502569045066833496e+03 1.873794803578440451e+02
3.530502065181732178e+03 1.873794803578440451e+02
3.533443959236145020e+03 1.873794803578440451e+02
3.552612115621566772e+03 1.873794803578440451e+02
3.561296043872833252e+03 1.873794803578440451e+02
3.567366757869720459e+03 1.873794803578440451e+02
3.573503528356552124e+03 1.873794803578440451e+02
3.614179374694824219e+03 1.873794803578440451e+02
3.632488997459411621e+03 1.873794803578440451e+02
3.638407566308975220e+03 1.873794803578440451e+02
3.647312587261199951e+03 1.873794803578440451e+02
3.651715456485748291e+03 1.873794803578440451e+02
3.657060823202133179e+03 1.873794803578440451e+02
3.670811581134796143e+03 1.873794803578440451e+02
3.679457553625106812e+03 1.873794803578440451e+02
3.681559525251388550e+03 1.873794803578440451e+02
3.690559708356857300e+03 1.873794803578440451e+02
3.696396273612976074e+03 1.873794803578440451e+02
3.705474108219146729e+03 1.873794803578440451e+02
3.712989218473434448e+03 1.873794803578440451e+02
3.737164031267166138e+03 1.873794803578440451e+02
3.753687136888504028e+03 1.873794803578440451e+02
3.759905701160430908e+03 1.873794803578440451e+02
3.765811546087265015e+03 1.873794803578440451e+02
3.771875717401504517e+03 1.873794803578440451e+02
3.790102908372879028e+03 1.873794803578440451e+02
3.797765927553176880e+03 1.873794803578440451e+02
3.815909205913543701e+03 1.873794803578440451e+02
3.825007288217544556e+03 1.873794803578440451e+02
3.831129721641540527e+03 1.873794803578440451e+02
3.840194357872009277e+03 1.873794803578440451e+02
3.845263363599777222e+03 1.873794803578440451e+02
3.847418651103973389e+03 1.873794803578440451e+02
3.851051021575927734e+03 1.873794803578440451e+02
3.857043842077255249e+03 1.873794803578440451e+02
3.864769044399261475e+03 1.873794803578440451e+02
3.873723959445953369e+03 1.873794803578440451e+02
3.891616804838180542e+03 1.873794803578440451e+02
3.899593592643737793e+03 1.873794803578440451e+02
3.917906342744827271e+03 1.873899763903483517e+02
3.926770654678344727e+03 1.873899763903483517e+02
3.935709499835968018e+03 1.873899763903483517e+02
3.944872235536575317e+03 1.873899763903483517e+02
3.950783834218978882e+03 1.873899763903483517e+02
3.969126720666885376e+03 1.873899763903483517e+02
3.977727215051651001e+03 1.873899763903483517e+02
3.983067021608352661e+03 1.873899763903483517e+02
3.991709457635879517e+03 1.873899763903483517e+02
4.000508664131164551e+03 1.873899763903483517e+02
4.028086498260498047e+03 1.873899763903483517e+02
4.040596441745758057e+03 1.878069100450513531e+02
4.059034420013427734e+03 1.878069100450513531e+02
4.068158570528030396e+03 1.878069100450513531e+02
4.077201195240020752e+03 1.878069100450513531e+02
4.085448701143264771e+03 1.878069100450513531e+02
4.126256196022033691e+03 1.878069100450513531e+02
4.136551754713058472e+03 1.878069100450513531e+02
4.149937343597412109e+03 1.878069100450513531e+02
4.158896904706954956e+03 1.878069100450513531e+02
4.167751840829849243e+03 1.878069100450513531e+02
4.176764542341232300e+03 1.878069100450513531e+02
4.189823280572891235e+03 1.878069100450513531e+02
4.203630986690521240e+03 1.878069100450513531e+02
4.220060813665390015e+03 1.883536776540544224e+02
4.227950884342193604e+03 1.883536776540544224e+02
4.236844286441802979e+03 1.883536776540544224e+02
4.245615486383438110e+03 1.883536776540544224e+02
4.273540238142013550e+03 1.883536776540544224e+02
4.288274303436279297e+03 1.883536776540544224e+02
4.302003582477569580e+03 1.883536776540544224e+02
4.311090013027191162e+03 1.883536776540544224e+02
4.319951704740524292e+03 1.883536776540544224e+02
4.328935385465621948e+03 1.883536776540544224e+02
4.347416542768478394e+03 1.883536776540544224e+02
4.361164383411407471e+03 1.883536776540544224e+02
4.378567377805709839e+03 1.890952100696293883e+02
4.387299469470977783e+03 1.890952100696293883e+02
4.395947935104370117e+03 1.890952100696293883e+02
4.402687526226043701e+03 1.890952100696293883e+02
4.441982522726058960e+03 1.890952100696293883e+02
4.460359710931777954e+03 1.890952100696293883e+02
4.472658229827880859e+03 1.890952100696293883e+02
4.481352265834808350e+03 1.890952100696293883e+02
4.491145701885223389e+03 1.890952100696293883e+02
4.500734106302261353e+03 1.890952100696293883e+02
4.519146352767944336e+03 1.890952100696293883e+02
4.540075655460357666e+03 1.890952100696293883e+02
4.553519831895828247e+03 1.891030631910163322e+02
4.562992964982986450e+03 1.891030631910163322e+02
4.572649153709411621e+03 1.891030631910163322e+02
4.580399879932403564e+03 1.891030631910163322e+02
4.614643074750900269e+03 1.891030631910163322e+02
4.632733488559722900e+03 1.891030631910163322e+02
4.646090562820434570e+03 1.891030631910163322e+02
4.655133575677871704e+03 1.891030631910163322e+02
4.665117475271224976e+03 1.891030631910163322e+02
4.675609961748123169e+03 1.891030631910163322e+02
4.689839927673339844e+03 1.891030631910163322e+02
4.709243307828903198e+03 1.891030631910163322e+02
4.727222788095474243e+03 1.891030631910163322e+02
4.735568002462387085e+03 1.891030631910163322e+02
4.744865162134170532e+03 1.891030631910163322e+02
4.753954990625381470e+03 1.891030631910163322e+02
4.794707939863204956e+03 1.891030631910163322e+02
4.812735664367675781e+03 1.891030631910163322e+02
4.826213541269302368e+03 1.891030631910163322e+02
4.835121304035186768e+03 1.891030631910163322e+02
4.844052418470382690e+03 1.891030631910163322e+02
4.852247621297836304e+03 1.891030631910163322e+02
4.865151816129684448e+03 1.891030631910163322e+02
4.877786946773529053e+03 1.891109830072677482e+02
4.896177764654159546e+03 1.891109830072677482e+02
4.906829132556915283e+03 1.891109830072677482e+02
4.915893590927124023e+03 1.891109830072677482e+02
4.924715239763259888e+03 1.891109830072677482e+02
4.935495488882064819e+03 1.891109830072677482e+02
4.949125549554824829e+03 1.891109830072677482e+02
4.967356831789016724e+03 1.891109830072677482e+02
4.976376676797866821e+03 1.891109830072677482e+02
4.985336137294769287e+03 1.891109830072677482e+02
4.993912698984146118e+03 1.891109830072677482e+02
5.008167669057846069e+03 1.891109830072677482e+02
5.021854322910308838e+03 1.891109830072677482e+02
5.034172343015670776e+03 1.891109830072677482e+02
5.043002228021621704e+03 1.891109830072677482e+02
5.052004002332687378e+03 1.891109830072677482e+02
5.060770684719085693e+03 1.891109830072677482e+02
5.069976259469985962e+03 1.891109830072677482e+02
5.083850123167037964e+03 1.891109830072677482e+02
5.098000306844711304e+03 1.891109830072677482e+02
5.106618907213211060e+03 1.891109830072677482e+02
5.115631613254547119e+03 1.891109830072677482e+02
5.124650814294815063e+03 1.891109830072677482e+02
5.139246186971664429e+03 1.891109830072677482e+02
5.155887197732925415e+03 1.891109830072677482e+02
5.173822544336318970e+03 1.891109830072677482e+02
5.182738498687744141e+03 1.891109830072677482e+02
5.191679442882537842e+03 1.891109830072677482e+02
5.200728670358657837e+03 1.891109830072677482e+02
5.232721093893051147e+03 1.891109830072677482e+02
5.253322599411010742e+03 1.891109830072677482e+02
5.267604963064193726e+03 1.891109830072677482e+02
5.276615295410156250e+03 1.891109830072677482e+02
5.285318839073181152e+03 1.891109830072677482e+02
5.294147018671035767e+03 1.891109830072677482e+02
5.330852336883544922e+03 1.891109830072677482e+02
5.344563907146453857e+03 1.891109830072677482e+02
5.362993376731872559e+03 1.891109830072677482e+02
5.372103163957595825e+03 1.891109830072677482e+02
5.380749729156494141e+03 1.891109830072677482e+02
5.389534897327423096e+03 1.891109830072677482e+02
5.421551712751388550e+03 1.891109830072677482e+02
5.433948392868041992e+03 1.891109830072677482e+02
5.449826599836349487e+03 1.891109830072677482e+02
5.458665732622146606e+03 1.891109830072677482e+02
5.467714354515075684e+03 1.891109830072677482e+02
5.475677580356597900e+03 1.891109830072677482e+02
5.512097247123718262e+03 1.891109830072677482e+02
5.524643308639526367e+03 1.891109830072677482e+02
5.542855309724807739e+03 1.891109830072677482e+02
5.551586758136749268e+03 1.891109830072677482e+02
5.560670879602432251e+03 1.891109830072677482e+02
5.569373077392578125e+03 1.891109830072677482e+02
5.610274741649627686e+03 1.891109830072677482e+02
5.629152632951736450e+03 1.891109830072677482e+02
5.643132465600967407e+03 1.891109830072677482e+02
5.652084488868713379e+03 1.891109830072677482e+02
5.661016087293624878e+03 1.891109830072677482e+02
5.669798367023468018e+03 1.891109830072677482e+02
5.697670469045639038e+03 1.891109830072677482e+02
5.711565663337707520e+03 1.891109830072677482e+02
5.729857980251312256e+03 1.891109830072677482e+02
5.739309747219085693e+03 1.891109830072677482e+02
5.747294552564620972e+03 1.891109830072677482e+02
5.756283756732940674e+03 1.891109830072677482e+02
5.765283084154129028e+03 1.891109830072677482e+02
5.783787287473678589e+03 1.891109830072677482e+02
5.803045392990112305e+03 1.891109830072677482e+02
5.812073902130126953e+03 1.891109830072677482e+02
5.821162817239761353e+03 1.891109830072677482e+02
5.830228517293930054e+03 1.891109830072677482e+02
5.858059787988662720e+03 1.891109830072677482e+02
5.876420862674713135e+03 1.891109830072677482e+02
5.895459994554519653e+03 1.891109830072677482e+02
5.904348752975463867e+03 1.891109830072677482e+02
5.913197961807250977e+03 1.891109830072677482e+02
5.922136172771453857e+03 1.891109830072677482e+02
5.931993403196334839e+03 1.891109830072677482e+02
5.945836347341537476e+03 1.891109830072677482e+02
5.958559627532958984e+03 1.891109830072677482e+02
5.967563834428787231e+03 1.891109830072677482e+02
5.977380304574966431e+03 1.891109830072677482e+02
5.986141839742660522e+03 1.891109830072677482e+02
6.022168811082839966e+03 1.891109830072677482e+02
6.034664288043975830e+03 1.891109830072677482e+02
6.053057490348815918e+03 1.891109830072677482e+02
6.062057689666748047e+03 1.891109830072677482e+02
6.071176137447357178e+03 1.891109830072677482e+02
6.080211824178695679e+03 1.891109830072677482e+02
6.116989738464355469e+03 1.891109830072677482e+02
6.129292865753173828e+03 1.891109830072677482e+02
6.147628436088562012e+03 1.891109830072677482e+02
6.156481177091598511e+03 1.891109830072677482e+02
6.165514928817749023e+03 1.891109830072677482e+02
6.174400054454803467e+03 1.891109830072677482e+02
6.191017466545104980e+03 1.891109830072677482e+02
6.209154093027114868e+03 1.891109830072677482e+02
6.222669400930404663e+03 1.891109830072677482e+02
6.231668912649154663e+03 1.891109830072677482e+02
6.240778854608535767e+03 1.891109830072677482e+02
6.249740237474441528e+03 1.891109830072677482e+02
6.259087881565093994e+03 1.891109830072677482e+02
6.275424292564392090e+03 1.891109830072677482e+02
6.289227310419082642e+03 1.891625374209690165e+02
6.298138086080551147e+03 1.891625374209690165e+02
6.306369558572769165e+03 1.891625374209690165e+02
6.313702867507934570e+03 1.891625374209690165e+02
6.341720217704772949e+03 1.891625374209690165e+02
6.355559902429580688e+03 1.891625374209690165e+02
6.373623264789581299e+03 1.891625374209690165e+02
6.382701909542083740e+03 1.891625374209690165e+02
6.391328413963317871e+03 1.891625374209690165e+02
6.400447129964828491e+03 1.891625374209690165e+02
6.410156111240386963e+03 1.891625374209690165e+02
6.429427376031875610e+03 1.891625374209690165e+02
6.443386609554290771e+03 1.891625374209690165e+02
6.452522138357162476e+03 1.891625374209690165e+02
6.461455740690231323e+03 1.891625374209690165e+02
6.470436107397079468e+03 1.891625374209690165e+02
6.506707977771759033e+03 1.891625374209690165e+02
6.525151803731918335e+03 1.891625374209690165e+02
6.543915889739990234e+03 1.891625374209690165e+02
6.552530646562576294e+03 1.891625374209690165e+02
6.561497319459915161e+03 1.891625374209690165e+02
6.570607943296432495e+03 1.891625374209690165e+02
6.607497436761856079e+03 1.891625374209690165e+02
6.626021153688430786e+03 1.891625374209690165e+02
6.638367225170135498e+03 1.891625374209690165e+02
6.647097207546234131e+03 1.891625374209690165e+02
6.655942516326904297e+03 1.891625374209690165e+02
6.664912885427474976e+03 1.891625374209690165e+02
6.682922375917434692e+03 1.891625374209690165e+02
6.696535030126571655e+03 1.891625374209690165e+02
6.717119009494781494e+03 1.891625374209690165e+02
6.726210361957550049e+03 1.891625374209690165e+02
6.735049950838088989e+03 1.891625374209690165e+02
6.744073549270629883e+03 1.891625374209690165e+02
6.776746028661727905e+03 1.891625374209690165e+02
6.795494850158691406e+03 1.891625374209690165e+02
6.809122157096862793e+03 1.891625374209690165e+02
6.818161797523498535e+03 1.891625374209690165e+02
6.826959954500198364e+03 1.891625374209690165e+02
6.836664229393005371e+03 1.891625374209690165e+02
6.873287245035171509e+03 1.891625374209690165e+02
6.886454323291778564e+03 1.891625374209690165e+02
6.902604812622070312e+03 1.891625374209690165e+02
6.911490680217742920e+03 1.891625374209690165e+02
6.920530317544937134e+03 1.891625374209690165e+02
6.929555769681930542e+03 1.891625374209690165e+02
6.962109374523162842e+03 1.891625374209690165e+02
6.980578533411026001e+03 1.891625374209690165e+02
6.994465990066528320e+03 1.891625374209690165e+02
7.003273863792419434e+03 1.891625374209690165e+02
7.012021462917327881e+03 1.891625374209690165e+02
7.020603950023651123e+03 1.891625374209690165e+02
7.034764688014984131e+03 1.891625374209690165e+02
7.046886545419692993e+03 1.891625374209690165e+02
7.059157333850860596e+03 1.891625374209690165e+02
7.068057389736175537e+03 1.891625374209690165e+02
7.077209481239318848e+03 1.891625374209690165e+02
7.086156168460845947e+03 1.891625374209690165e+02
7.114464518308639526e+03 1.891625374209690165e+02
7.126858451843261719e+03 1.891625374209690165e+02
7.140307180166244507e+03 1.891625374209690165e+02
7.149731715679168701e+03 1.891625374209690165e+02
7.158484525680541992e+03 1.891625374209690165e+02
7.167057717561721802e+03 1.891625374209690165e+02
7.181136979579925537e+03 1.891625374209690165e+02
7.194721568107604980e+03 1.891625374209690165e+02
7.213122677803039551e+03 1.891625374209690165e+02
7.222274563312530518e+03 1.891625374209690165e+02
7.231289112567901611e+03 1.891625374209690165e+02
7.240310793399810791e+03 1.891625374209690165e+02
7.249833290338516235e+03 1.891625374209690165e+02
7.270012667655944824e+03 1.891625374209690165e+02
7.288268302917480469e+03 1.891625374209690165e+02
7.297164913177490234e+03 1.891625374209690165e+02
7.305909469366073608e+03 1.891625374209690165e+02
7.314730501413345337e+03 1.891625374209690165e+02
7.332988031625747681e+03 1.891625374209690165e+02
7.346627910137176514e+03 1.891625374209690165e+02
7.364905603885650635e+03 1.893172974177896037e+02
7.373819400548934937e+03 1.893172974177896037e+02
7.382976401329040527e+03 1.893172974177896037e+02
7.392145043611526489e+03 1.893172974177896037e+02
7.403194013833999634e+03 1.893172974177896037e+02
7.416856614589691162e+03 1.893172974177896037e+02
7.431111001729965210e+03 1.893172974177896037e+02
7.438813654899597168e+03 1.893172974177896037e+02
7.447420244932174683e+03 1.893172974177896037e+02
7.455952924489974976e+03 1.893172974177896037e+02
7.474386153697967529e+03 1.893172974177896037e+02
7.488220970869064331e+03 1.893172974177896037e+02
7.504670680046081543e+03 1.893172974177896037e+02
7.513593442678451538e+03 1.893172974177896037e+02
7.522628996849060059e+03 1.893172974177896037e+02
7.531065284252166748e+03 1.893172974177896037e+02
7.561738856554031372e+03 1.893172974177896037e+02
7.579843857526779175e+03 1.893172974177896037e+02
7.593551929950714111e+03 1.893172974177896037e+02
7.602522711038589478e+03 1.893172974177896037e+02
7.611591079711914062e+03 1.893172974177896037e+02
7.620183259248733521e+03 1.893172974177896037e+02
7.658339426755905151e+03 1.893172974177896037e+02
7.672088166475296021e+03 1.893172974177896037e+02
7.690450522899627686e+03 1.893172974177896037e+02
7.699422506093978882e+03 1.893172974177896037e+02
7.708367423057556152e+03 1.893172974177896037e+02
7.715688524484634399e+03 1.893172974177896037e+02
7.748328682899475098e+03 1.893172974177896037e+02
7.766583345413208008e+03 1.893172974177896037e+02
7.783096317768096924e+03 1.893172974177896037e+02
7.792109154224395752e+03 1.893172974177896037e+02
7.800797764539718628e+03 1.893172974177896037e+02
7.809586618185043335e+03 1.893172974177896037e+02
7.827788214921951294e+03 1.893172974177896037e+02
7.840258328914642334e+03 1.893172974177896037e+02
7.860655799150466919e+03 1.893172974177896037e+02
7.869850520849227905e+03 1.893172974177896037e+02
7.879023494958877563e+03 1.893172974177896037e+02
7.888133945941925049e+03 1.893172974177896037e+02
7.901807159423828125e+03 1.893172974177896037e+02
7.919763042449951172e+03 1.893172974177896037e+02
7.937498734235763550e+03 1.893172974177896037e+02
7.946066064834594727e+03 1.893172974177896037e+02
7.954801114320755005e+03 1.893172974177896037e+02
7.963789218664169312e+03 1.893172974177896037e+02
7.991906023025512695e+03 1.893172974177896037e+02
8.005778882980346680e+03 1.893172974177896037e+02
8.024279699325561523e+03 1.893172974177896037e+02
8.033375335931777954e+03 1.893172974177896037e+02
8.042375554084777832e+03 1.893172974177896037e+02
8.051343900442123413e+03 1.893172974177896037e+02
8.079265735149383545e+03 1.893172974177896037e+02
8.099970654010772705e+03 1.893172974177896037e+02
8.113680192470550537e+03 1.893899344389451755e+02
8.121545666933059692e+03 1.893899344389451755e+02
8.129816376686096191e+03 1.893899344389451755e+02
8.138639508008956909e+03 1.893899344389451755e+02
8.175196757316589355e+03 1.893899344389451755e+02
8.191439696073532104e+03 1.893899344389451755e+02
8.208791558027267456e+03 1.894182698244148639e+02
8.217685594081878662e+03 1.894182698244148639e+02
8.226489181518554688e+03 1.894182698244148639e+02
8.235220222234725952e+03 1.894182698244148639e+02
8.247345678567886353e+03 1.894182698244148639e+02
8.265784875392913818e+03 1.894182698244148639e+02
8.277190902948379517e+03 1.894182698244148639e+02
8.285961861848831177e+03 1.894182698244148639e+02
8.293902823209762573e+03 1.894182698244148639e+02
8.303022373914718628e+03 1.894182698244148639e+02
8.321437083005905151e+03 1.894182698244148639e+02
8.335088721275329590e+03 1.894182698244148639e+02
8.347509542465209961e+03 1.894182698244148639e+02
8.356578485250473022e+03 1.894182698244148639e+02
8.365652107954025269e+03 1.894182698244148639e+02
8.374120997428894043e+03 1.894182698244148639e+02
8.387885469675064087e+03 1.894182698244148639e+02
8.407602382183074951e+03 1.894182698244148639e+02
8.426042185544967651e+03 1.894182698244148639e+02
8.435018298387527466e+03 1.894182698244148639e+02
8.441734859704971313e+03 1.894182698244148639e+02
8.450345525979995728e+03 1.894182698244148639e+02
8.477841089487075806e+03 1.894182698244148639e+02
8.491943473577499390e+03 1.894182698244148639e+02
8.510288599491119385e+03 1.894182698244148639e+02
8.519140990495681763e+03 1.894182698244148639e+02
8.528235429048538208e+03 1.894182698244148639e+02
8.537413218259811401e+03 1.894182698244148639e+02
8.569392543792724609e+03 1.894182698244148639e+02
8.587855327844619751e+03 1.894182698244148639e+02
8.602022206544876099e+03 1.894182698244148639e+02
8.611166152238845825e+03 1.894182698244148639e+02
8.620180830001831055e+03 1.894182698244148639e+02
8.629215466260910034e+03 1.894182698244148639e+02
8.647666708469390869e+03 1.894182698244148639e+02
8.660016990661621094e+03 1.894182698244148639e+02
8.678379681587219238e+03 1.894182698244148639e+02
8.687495514154434204e+03 1.894182698244148639e+02
8.696088176727294922e+03 1.894182698244148639e+02
8.704958073139190674e+03 1.894182698244148639e+02
8.740398235559463501e+03 1.894182698244148639e+02
8.758812456369400024e+03 1.894182698244148639e+02
8.772389349937438965e+03 1.894182698244148639e+02
8.780663659572601318e+03 1.894182698244148639e+02
8.789413411378860474e+03 1.894182698244148639e+02
8.797726247549057007e+03 1.894182698244148639e+02
8.811696155548095703e+03 1.894182698244148639e+02
8.831608178377151489e+03 1.894182698244148639e+02
8.850471848249435425e+03 1.894182698244148639e+02
8.859434421539306641e+03 1.894182698244148639e+02
8.868641556739807129e+03 1.894182698244148639e+02
8.877467418193817139e+03 1.894182698244148639e+02
8.886829274415969849e+03 1.894182698244148639e+02
8.906999025344848633e+03 1.894182698244148639e+02
8.920640777587890625e+03 1.894182698244148639e+02
8.927982915878295898e+03 1.894182698244148639e+02
8.936707954645156860e+03 1.894182698244148639e+02
8.945717658042907715e+03 1.894182698244148639e+02
8.964089083671569824e+03 1.894182698244148639e+02
8.980353526353836060e+03 1.894182698244148639e+02
8.997808454275131226e+03 1.894182698244148639e+02
9.006286753177642822e+03 1.894182698244148639e+02
9.014779277801513672e+03 1.894182698244148639e+02
9.023853313446044922e+03 1.894182698244148639e+02
9.034307126283645630e+03 1.894182698244148639e+02
9.052003766775131226e+03 1.894182698244148639e+02
9.065566247463226318e+03 1.894182698244148639e+02
9.074018695116043091e+03 1.894182698244148639e+02
9.083083536624908447e+03 1.894182698244148639e+02
9.092221914768218994e+03 1.894182698244148639e+02
9.110550507307052612e+03 1.894182698244148639e+02
9.123936601638793945e+03 1.894182698244148639e+02
9.137904489040374756e+03 1.894182698244148639e+02
9.146858284950256348e+03 1.894182698244148639e+02
9.155528080940246582e+03 1.894182698244148639e+02
9.164589475393295288e+03 1.894182698244148639e+02
9.175685595273971558e+03 1.894182698244148639e+02
9.193991917610168457e+03 1.894182698244148639e+02
9.211410197257995605e+03 1.894182698244148639e+02
9.219935555696487427e+03 1.894182698244148639e+02
9.229241180658340454e+03 1.894182698244148639e+02
9.237315130949020386e+03 1.894182698244148639e+02
9.255792505264282227e+03 1.894182698244148639e+02
9.268295549154281616e+03 1.894182698244148639e+02
9.280966917753219604e+03 1.894182698244148639e+02
9.289624593496322632e+03 1.894182698244148639e+02
9.298549394130706787e+03 1.894182698244148639e+02
9.307451599597930908e+03 1.894182698244148639e+02
9.319000867128372192e+03 1.894182698244148639e+02
9.337395200252532959e+03 1.894182698244148639e+02
9.355877184391021729e+03 1.894182698244148639e+02
9.362908016204833984e+03 1.894182698244148639e+02
9.371848360061645508e+03 1.894182698244148639e+02
9.380636598587036133e+03 1.894182698244148639e+02
9.408756153821945190e+03 1.894182698244148639e+02
9.422527633428573608e+03 1.894182698244148639e+02
9.441891185998916626e+03 1.894182698244148639e+02
9.450939518690109253e+03 1.894182698244148639e+02
9.460044071197509766e+03 1.894182698244148639e+02
9.468934984445571899e+03 1.894182698244148639e+02
9.478108565092086792e+03 1.894182698244148639e+02
9.496242583751678467e+03 1.894182698244148639e+02
9.514569155216217041e+03 1.894182698244148639e+02
9.522044203281402588e+03 1.894182698244148639e+02
9.530698825836181641e+03 1.894182698244148639e+02
9.539809167861938477e+03 1.894182698244148639e+02
9.555855709552764893e+03 1.894182698244148639e+02
9.573137013196945190e+03 1.894182698244148639e+02
9.591703371524810791e+03 1.894182698244148639e+02
9.600134670734405518e+03 1.894182698244148639e+02
9.609068879842758179e+03 1.894182698244148639e+02
9.617803220748901367e+03 1.894182698244148639e+02
9.628799715518951416e+03 1.894182698244148639e+02
9.647786738395690918e+03 1.894182698244148639e+02
9.660939661979675293e+03 1.894182698244148639e+02
9.669445261240005493e+03 1.894182698244148639e+02
9.676392023324966431e+03 1.894182698244148639e+02
9.685593933820724487e+03 1.894182698244148639e+02
9.704011538505554199e+03 1.894182698244148639e+02
9.717099080562591553e+03 1.894182698244148639e+02
9.734263504981994629e+03 1.894182698244148639e+02
9.743300841569900513e+03 1.894182698244148639e+02
9.752278271913528442e+03 1.894182698244148639e+02
9.761430690765380859e+03 1.894182698244148639e+02
9.802171685457229614e+03 1.894182698244148639e+02
9.820558081150054932e+03 1.894759122149566224e+02
9.832886788845062256e+03 1.894759122149566224e+02
9.840478610515594482e+03 1.894759122149566224e+02
9.849437565088272095e+03 1.894759122149566224e+02
9.856103756427764893e+03 1.894759122149566224e+02
9.870533574819564819e+03 1.894759122149566224e+02
9.884137737035751343e+03 1.894759122149566224e+02
9.901849880933761597e+03 1.894759122149566224e+02
9.910820815324783325e+03 1.894759122149566224e+02
9.919219769716262817e+03 1.894759122149566224e+02
9.928212815046310425e+03 1.894759122149566224e+02
9.942676268815994263e+03 1.894759122149566224e+02
9.955927445173263550e+03 1.894759122149566224e+02
9.975382799625396729e+03 1.894759122149566224e+02
9.984240990638732910e+03 1.894759122149566224e+02
9.991757646083831787e+03 1.894759122149566224e+02
1.000087215280532837e+04 1.894759122149566224e+02
1.002838812875747681e+04 1.894759122149566224e+02
1.004087086296081543e+04 1.894759122149566224e+02
1.005903225207328796e+04 1.894759122149566224e+02
1.006810985660552979e+04 1.894759122149566224e+02
1.007522812438011169e+04 1.894759122149566224e+02
1.008421466636657715e+04 1.894759122149566224e+02
1.009538440012931824e+04 1.894759122149566224e+02
1.011451542639732361e+04 1.894759122149566224e+02
1.012785395336151123e+04 1.894759122149566224e+02
1.013666949510574341e+04 1.894759122149566224e+02
1.014549223947525024e+04 1.894759122149566224e+02
1.015302347278594971e+04 1.894759122149566224e+02
1.016711334538459778e+04 1.894759122149566224e+02
1.018109909582138062e+04 1.894759122149566224e+02
1.019743138718605042e+04 1.894759122149566224e+02
1.020598578953742981e+04 1.894759122149566224e+02
1.021546432399749756e+04 1.894759122149566224e+02
1.022448563718795776e+04 1.894759122149566224e+02
1.025498072695732117e+04 1.894759122149566224e+02
1.027347158265113831e+04 1.894759122149566224e+02
1.028604120755195618e+04 1.894759122149566224e+02
1.029511542034149170e+04 1.894759122149566224e+02
1.030404935336112976e+04 1.894759122149566224e+02
1.031321635890007019e+04 1.894759122149566224e+02
1.034018773984909058e+04 1.894759122149566224e+02
1.036049183034896851e+04 1.894759122149566224e+02
1.037290975856781006e+04 1.894759122149566224e+02
1.038056347298622131e+04 1.894759122149566224e+02
1.038826423025131226e+04 1.894759122149566224e+02
1.039736155652999878e+04 1.894759122149566224e+02
1.043002280950546265e+04 1.894759122149566224e+02
1.045058372616767883e+04 1.894759122149566224e+02
1.046439790773391724e+04 1.894759122149566224e+02
1.047303466343879700e+04 1.894759122149566224e+02
1.048209488868713379e+04 1.894759122149566224e+02
1.049050806784629822e+04 1.894759122149566224e+02
1.050251371788978577e+04 1.894759122149566224e+02
1.051625437760353088e+04 1.894759122149566224e+02
1.053005392527580261e+04 1.894759122149566224e+02
1.053932125639915466e+04 1.894759122149566224e+02
1.054852536225318909e+04 1.894759122149566224e+02
1.055695636796951294e+04 1.894759122149566224e+02
1.056798799371719360e+04 1.894759122149566224e+02
1.058621045708656311e+04 1.894759122149566224e+02
1.060309093761444092e+04 1.894759122149566224e+02
1.061185734534263611e+04 1.894759122149566224e+02
1.062084024763107300e+04 1.894759122149566224e+02
1.062986031675338745e+04 1.894759122149566224e+02
1.066593380188941956e+04 1.894759122149566224e+02
1.068200251054763794e+04 1.894759122149566224e+02
1.070050695466995239e+04 1.894759122149566224e+02
1.070951923131942749e+04 1.894759122149566224e+02
1.071842381930351257e+04 1.894759122149566224e+02
1.072750546622276306e+04 1.894759122149566224e+02
1.076072993636131287e+04 1.894759122149566224e+02
1.077896028685569763e+04 1.894759122149566224e+02
1.079276133489608765e+04 1.894759122149566224e+02
1.080087553811073303e+04 1.894759122149566224e+02
1.080824971127510071e+04 1.894759122149566224e+02
1.081680276560783386e+04 1.894759122149566224e+02
1.084487735366821289e+04 1.894759122149566224e+02
1.086313714027404785e+04 1.894759122149566224e+02
1.088136193156242371e+04 1.894759122149566224e+02
1.088912979888916016e+04 1.894759122149566224e+02
1.089825487041473389e+04 1.894759122149566224e+02
1.090718445467948914e+04 1.894759122149566224e+02
1.091826536846160889e+04 1.894759122149566224e+02
1.093504715204238892e+04 1.894759122149566224e+02
1.094733234167098999e+04 1.894759122149566224e+02
1.095630148506164551e+04 1.894759122149566224e+02
1.096574852991104126e+04 1.894759122149566224e+02
1.097485231041908264e+04 1.894759122149566224e+02
1.099342235803604126e+04 1.894759122149566224e+02
1.101194942498207092e+04 1.894759122149566224e+02
1.102984117746353149e+04 1.894759122149566224e+02
1.103886546182632446e+04 1.894759122149566224e+02
1.104790254044532776e+04 1.894759122149566224e+02
1.105660397267341614e+04 1.894759122149566224e+02
1.106937665915489197e+04 1.894759122149566224e+02
1.108068153190612793e+04 1.894759122149566224e+02
1.109428298068046570e+04 1.894759122149566224e+02
1.110300359892845154e+04 1.894759122149566224e+02
1.111191726469993591e+04 1.894759122149566224e+02
1.112291435003280640e+04 1.894759122149566224e+02
1.114130126476287842e+04 1.894759122149566224e+02
1.115517745041847229e+04 1.894759122149566224e+02
1.117341262221336365e+04 1.894759122149566224e+02
1.118241670250892639e+04 1.894759122149566224e+02
1.119153381228446960e+04 1.894759122149566224e+02
1.120056390142440796e+04 1.894759122149566224e+02
1.121278946924209595e+04 1.894759122149566224e+02
1.123079309082031250e+04 1.894759122149566224e+02
1.124192725944519043e+04 1.894759122149566224e+02
1.125050786948204041e+04 1.894759122149566224e+02
1.125927976560592651e+04 1.894759122149566224e+02
1.126821927070617676e+04 1.894759122149566224e+02
1.129652161645889282e+04 1.894759122149566224e+02
1.131350651097297668e+04 1.894759122149566224e+02
1.133176526951789856e+04 1.894759122149566224e+02
1.134082968091964722e+04 1.894759122149566224e+02
1.134986728835105896e+04 1.894759122149566224e+02
1.135875750398635864e+04 1.894759122149566224e+02
1.138588674283027649e+04 1.894759122149566224e+02
1.140423384571075439e+04 1.894759122149566224e+02
1.142338953948020935e+04 1.894759122149566224e+02
1.143251634240150452e+04 1.894759122149566224e+02
1.144147089028358459e+04 1.894759122149566224e+02
1.145056535148620605e+04 1.894759122149566224e+02
1.148812911105155945e+04 1.894759122149566224e+02
1.150200006747245789e+04 1.894759122149566224e+02
1.152006430840492249e+04 1.894759122149566224e+02
1.152899208545684814e+04 1.894759122149566224e+02
1.153813950276374817e+04 1.894759122149566224e+02
1.154685081791877747e+04 1.894759122149566224e+02
1.157924842786788940e+04 1.894759122149566224e+02
1.159880474066734314e+04 1.894759122149566224e+02
1.161109527659416199e+04 1.894759122149566224e+02
1.162021733117103577e+04 1.894759122149566224e+02
1.162988471961021423e+04 1.894759122149566224e+02
1.163905610752105713e+04 1.894759122149566224e+02
1.167523236155509949e+04 1.894759122149566224e+02
1.168881208157539368e+04 1.894759122149566224e+02
1.170226827025413513e+04 1.894759122149566224e+02
1.171192233204841614e+04 1.894759122149566224e+02
1.172065566515922546e+04 1.894759122149566224e+02
1.172927111649513245e+04 1.894759122149566224e+02
1.176901238346099854e+04 1.895557985411927007e+02
1.178351226997375488e+04 1.895557985411927007e+02
1.179734819102287292e+04 1.895557985411927007e+02
1.180637497138977051e+04 1.895557985411927007e+02
1.181346052694320679e+04 1.895557985411927007e+02
1.182245731639862061e+04 1.895557985411927007e+02
1.183665159726142883e+04 1.895557985411927007e+02
1.184985732197761536e+04 1.895557985411927007e+02
1.186830933022499084e+04 1.895557985411927007e+02
1.187578979897499084e+04 1.895557985411927007e+02
1.188393918538093567e+04 1.895557985411927007e+02
1.189270776844024658e+04 1.895557985411927007e+02
1.193343919181823730e+04 1.895557985411927007e+02
1.195191882491111755e+04 1.895557985411927007e+02
1.196534532737731934e+04 1.895557985411927007e+02
1.197446120119094849e+04 1.895557985411927007e+02
1.198350265765190125e+04 1.895557985411927007e+02
1.199253776431083679e+04 1.895557985411927007e+02
1.202846549892425537e+04 1.895557985411927007e+02
1.204232357740402222e+04 1.895557985411927007e+02
1.205622551131248474e+04 1.895557985411927007e+02
1.206516983175277710e+04 1.895557985411927007e+02
1.207597255539894104e+04 1.895557985411927007e+02
1.208474437904357910e+04 1.895557985411927007e+02
1.212465961146354675e+04 1.895557985411927007e+02
1.213976551222801208e+04 1.895557985411927007e+02
1.215537846660614014e+04 1.895557985411927007e+02
1.216448729562759399e+04 1.895557985411927007e+02
1.217344246602058411e+04 1.895557985411927007e+02
1.218299688935279846e+04 1.895557985411927007e+02
1.221108610582351685e+04 1.895557985411927007e+02
1.222233506107330322e+04 1.895557985411927007e+02
1.224047255349159241e+04 1.895557985411927007e+02
1.224912097597122192e+04 1.895557985411927007e+02
1.225809614777565002e+04 1.895557985411927007e+02
1.226683289909362793e+04 1.895557985411927007e+02
1.230069352293014526e+04 1.895557985411927007e+02
1.231889623570442200e+04 1.895557985411927007e+02
1.233271028161048889e+04 1.895557985411927007e+02
1.234207183122634888e+04 1.895557985411927007e+02
1.234918212151527405e+04 1.895557985411927007e+02
1.235815601205825806e+04 1.895557985411927007e+02
1.239508341217041016e+04 1.895714312877737484e+02
1.240847280311584473e+04 1.895714312877737484e+02
1.244503064012527466e+04 1.896339622740979678e+02
1.245408429241180420e+04 1.896339622740979678e+02
1.246301461434364319e+04 1.896339622740979678e+02
1.247244881439208984e+04 1.896339622740979678e+02
1.251114330172538757e+04 1.896339622740979678e+02
1.254779951119422913e+04 1.896339622740979678e+02
1.258447461009025574e+04 1.896339622740979678e+02
1.259113720941543579e+04 1.896339622740979678e+02
1.259992162585258484e+04 1.896339622740979678e+02
1.260836499476432800e+04 1.896339622740979678e+02
1.263629884099960327e+04 1.896339622740979678e+02
1.265006728792190552e+04 1.896339622740979678e+02
1.269109951138496399e+04 1.896339622740979678e+02
1.269953950619697571e+04 1.896339622740979678e+02
1.270740927600860596e+04 1.896339622740979678e+02
1.271614769315719604e+04 1.896339622740979678e+02
1.272725610899925232e+04 1.896339622740979678e+02
1.276820029664039612e+04 1.896343996666317082e+02
1.279701029562950134e+04 1.896343996666317082e+02
1.280483104610443115e+04 1.896343996666317082e+02
1.281389956641197205e+04 1.896343996666317082e+02
1.282289206838607788e+04 1.896343996666317082e+02
1.285072428226470947e+04 1.896343996666317082e+02
1.286473746514320374e+04 1.896343996666317082e+02
1.290564492750167847e+04 1.896358303928222426e+02
1.291473863530158997e+04 1.896358303928222426e+02
1.292252499651908875e+04 1.896358303928222426e+02
1.293142604780197144e+04 1.896358303928222426e+02
1.294516682529449463e+04 1.896358303928222426e+02
1.295448475289344788e+04 1.896358303928222426e+02
1.296404871892929077e+04 1.896358303928222426e+02
1.297302295827865601e+04 1.896358303928222426e+02
1.298205272316932678e+04 1.896358303928222426e+02
1.299118402600288391e+04 1.896358303928222426e+02
1.302656638407707214e+04 1.896358303928222426e+02
1.303638656139373779e+04 1.896358303928222426e+02
1.307393105244636536e+04 1.896358303928222426e+02
1.308301911878585815e+04 1.896358303928222426e+02
1.309213372230529785e+04 1.896358303928222426e+02
1.310000665211677551e+04 1.896358303928222426e+02
1.313549708437919617e+04 1.896358303928222426e+02
1.314597242450714111e+04 1.896358303928222426e+02
1.315861141824722290e+04 1.896358303928222426e+02
1.316770934510231018e+04 1.896358303928222426e+02
1.317617886376380920e+04 1.896358303928222426e+02
1.318522394633293152e+04 1.896358303928222426e+02
1.322118644285202026e+04 1.896358303928222426e+02
1.323350552749633789e+04 1.896358303928222426e+02
1.325743630218505859e+04 1.896358303928222426e+02
1.326638051128387451e+04 1.896358303928222426e+02
1.327542364215850830e+04 1.896358303928222426e+02
1.328453786635398865e+04 1.896358303928222426e+02
1.331703814768791199e+04 1.896358303928222426e+02
1.333535670280456543e+04 1.896358303928222426e+02
1.334897076153755188e+04 1.896358303928222426e+02
1.335834129786491394e+04 1.896358303928222426e+02
1.336693233776092529e+04 1.896358303928222426e+02
1.337510197305679321e+04 1.896358303928222426e+02
1.340323063373565674e+04 1.896358303928222426e+02
1.341514291048049927e+04 1.896358303928222426e+02
1.343980773019790649e+04 1.896358303928222426e+02
1.344910541176795959e+04 1.896358303928222426e+02
1.345785200905799866e+04 1.896358303928222426e+02
1.346703192925453186e+04 1.896358303928222426e+02
1.347620892500877380e+04 1.896358303928222426e+02
1.351274912071228027e+04 1.896358303928222426e+02
1.352675817108154297e+04 1.896358303928222426e+02
1.353585834550857544e+04 1.896358303928222426e+02
1.354647962951660156e+04 1.896358303928222426e+02
1.355522942399978638e+04 1.896358303928222426e+02
1.359132167339324951e+04 1.896358303928222426e+02
1.360538456654548645e+04 1.896358303928222426e+02
1.364190207052230835e+04 1.896358303928222426e+02
1.365086825394630432e+04 1.896358303928222426e+02
1.365976262664794922e+04 1.896358303928222426e+02
1.366865784835815430e+04 1.896358303928222426e+02
1.369644857096672058e+04 1.896358303928222426e+02
1.371842679476737976e+04 1.896358303928222426e+02
1.375971335411071777e+04 1.896358303928222426e+02
1.376857528066635132e+04 1.896358303928222426e+02
1.377690289616584778e+04 1.896358303928222426e+02
1.378604378461837769e+04 1.896358303928222426e+02
1.382251186418533325e+04 1.896358303928222426e+02
1.383264732098579407e+04 1.896358303928222426e+02
1.385497845673561096e+04 1.896358303928222426e+02
1.386423699307441711e+04 1.896358303928222426e+02
1.387309756779670715e+04 1.896358303928222426e+02
1.388199220442771912e+04 1.896358303928222426e+02
1.391453362846374512e+04 1.896358303928222426e+02
1.394980876040458679e+04 1.896358303928222426e+02
1.398981298112869263e+04 1.896358303928222426e+02
1.399704094052314758e+04 1.896358303928222426e+02
1.400620679378509521e+04 1.896358303928222426e+02
1.401627094745635986e+04 1.896358303928222426e+02
1.405289185166358948e+04 1.896358303928222426e+02
1.406676104640960693e+04 1.896358303928222426e+02
1.408446096158027649e+04 1.896358303928222426e+02
1.409353545951843262e+04 1.896358303928222426e+02
1.410234675693511963e+04 1.896358303928222426e+02
1.411112879252433777e+04 1.896358303928222426e+02
1.412489523696899414e+04 1.896466548387080593e+02
1.416558656096458435e+04 1.896466548387080593e+02
1.417611190080642700e+04 1.896466548387080593e+02
1.418563856244087219e+04 1.896466548387080593e+02
1.419453061842918396e+04 1.896466548387080593e+02
1.420388020420074463e+04 1.896466548387080593e+02
1.424026479649543762e+04 1.896466548387080593e+02
1.425396427106857300e+04 1.896466548387080593e+02
1.429031680941581726e+04 1.897316609951171245e+02
1.429923153853416443e+04 1.897316609951171245e+02
1.430810964059829712e+04 1.897316609951171245e+02
1.431743711233139038e+04 1.897316609951171245e+02
1.433122703814506531e+04 1.897316609951171245e+02
