-6.764705882352941124e+00 4.261857385629897799e+00
-5.470588235294118107e+01 6.514302512907629072e+00
-1.441176470588235148e+01 4.844831177144811818e+00
-5.264705882352941302e+01 5.563100020644335508e+00
-2.441176470588235148e+01 4.931239142752620985e+00
-1.058823529411764675e+01 4.305501841464033141e+00
-9.411764705882353255e+00 4.274642694699325673e+00
-5.000000000000000000e+01 5.195321130016049338e+00
-2.970588235294117752e+01 4.991376723157044282e+00
-1.794117647058823550e+01 4.862316273039542835e+00
-2.852941176470588047e+01 4.947458229913461736e+00
-5.088235294117646390e+01 5.265739719614980885e+00
-3.176470588235293846e+01 4.993960594456690494e+00
