-6.764705882352941124e+00 4.261857385629897799e+00
-5.470588235294118107e+01 6.514302512907629072e+00
-5.264705882352941302e+01 5.563100020644335508e+00
-1.058823529411764675e+01 4.305501841464033141e+00
-9.411764705882353255e+00 4.274642694699325673e+00
-5.000000000000000000e+01 5.195321130016049338e+00
-5.088235294117646390e+01 5.265739719614980885e+00
-4.882352941176470296e+01 4.875477986099416405e+00
-3.558823529411764497e+01 4.594491995740567880e+00
-4.058823529411764497e+01 4.754256573662171803e+00
-2.264705882352941302e+01 4.459995256047391443e+00
-5.441176470588234793e+01 6.068825325510526447e+00
