-6.764705882352941124e+00 4.261857385629897799e+00
-5.470588235294118107e+01 6.514302512907629072e+00
-5.264705882352941302e+01 5.563100020644335508e+00
-1.058823529411764675e+01 4.305501841464033141e+00
-9.411764705882353255e+00 4.274642694699325673e+00
-5.441176470588234793e+01 6.068825325510526447e+00
-1.705882352941176450e+01 4.362312795326510617e+00
-4.352941176470588402e+01 4.539163952951566827e+00
-4.000000000000000000e+01 4.503477442436994771e+00
-5.117647058823528994e+01 5.006136452437218942e+00
-4.882352941176470296e+01 4.596388144225102224e+00
-4.088235294117647101e+01 4.530263748713028171e+00
-5.088235294117646390e+01 4.999404608623511770e+00
-4.941176470588235503e+01 4.861498566644105956e+00
-5.029411764705882604e+01 4.904472099080214420e+00
-2.529411764705882248e+01 4.421093660217524146e+00
-5.147058823529411598e+01 5.291486511441692464e+00
-3.911764705882352899e+01 4.450326104061412380e+00
-4.058823529411764497e+01 4.529520181405683132e+00
-4.029411764705882604e+01 4.524655712357777304e+00
