-6.764705882352941124e+00 4.261857385629897799e+00
-5.470588235294118107e+01 6.514302512907629072e+00
-5.264705882352941302e+01 5.563100020644335508e+00
-1.058823529411764675e+01 4.305501841464033141e+00
-9.411764705882353255e+00 4.274642694699325673e+00
-2.264705882352941302e+01 4.459995256047391443e+00
-5.441176470588234793e+01 6.068825325510526447e+00
-4.970588235294117396e+01 4.961572951922588182e+00
-1.705882352941176450e+01 4.362312795326510617e+00
-4.735294117647058698e+01 4.683785251710598452e+00
-4.941176470588235503e+01 4.949141069936265680e+00
-4.382352941176470296e+01 4.597826770377936079e+00
-3.617647058823528994e+01 4.495363922177571858e+00
-4.441176470588234793e+01 4.646668339746581111e+00
-4.352941176470588402e+01 4.539163952951566827e+00
-4.882352941176470296e+01 4.772996099937041770e+00
-4.000000000000000000e+01 4.503477442436994771e+00
-5.117647058823528994e+01 5.006136452437218942e+00
