2.541282191276550293e+02 9.860518686830802437e+01
2.120765687704086304e+03 1.096742838736000749e+02
2.508375694036483765e+03 1.098280479169547732e+02
8.259570923089981079e+03 1.102049940039907767e+02
8.522899963617324829e+03 1.564882555538235636e+02
1.221808283233642578e+04 1.651439098783328063e+02
1.248314331078529358e+04 1.651439098783328063e+02
1.308802767586708069e+04 1.669501584159980894e+02
1.335431012916564941e+04 2.948251098195333384e+02
1.360062466216087341e+04 2.948907454291258432e+02
1.367661730241775513e+04 2.948907454291258432e+02
1.373838748955726624e+04 2.973707600914724480e+02
1.383547870397567749e+04 2.973707600914724480e+02
1.412715771961212158e+04 2.973707600914724480e+02
1.452193373584747314e+04 2.973707600914724480e+02
1.824721479344367981e+04 2.973707600914724480e+02
1.833435593748092651e+04 2.973943563050819989e+02
1.835980695986747742e+04 2.973943563050819989e+02
1.841215974140167236e+04 2.973943563050819989e+02
1.848412352776527405e+04 2.973943563050819989e+02
1.875077217984199524e+04 2.976330215098067811e+02
1.894851460480690002e+04 2.976330215098067811e+02
1.926569468903541565e+04 2.976330215098067811e+02
1.931487423253059387e+04 2.981543331800715464e+02
1.941730666255950928e+04 2.981543331800715464e+02
1.962645636415481567e+04 2.981543331800715464e+02
1.989509035396575928e+04 2.981543331800715464e+02
2.370849589872360229e+04 3.029470086801242132e+02
2.376629743552207947e+04 3.029470086801242132e+02
2.709500218129158020e+04 3.029470086801242132e+02
2.718252550935745239e+04 3.029470086801242132e+02
2.743796713423728943e+04 3.029470086801242132e+02
2.797474062395095825e+04 3.029470086801242132e+02
2.880799724030494690e+04 3.038285336002373924e+02
2.975384069132804871e+04 3.038285336002373924e+02
3.058682828116416931e+04 3.041050621490253434e+02
3.070092124462127686e+04 3.041050621490253434e+02
3.075263423776626587e+04 3.041050621490253434e+02
3.083009149384498596e+04 3.041050621490253434e+02
3.166002209925651550e+04 3.041050621490253434e+02
3.208104118251800537e+04 3.117405319857590484e+02
3.242425902128219604e+04 3.117405319857590484e+02
3.247153606414794922e+04 3.117405319857590484e+02
3.275466586303710938e+04 3.117405319857590484e+02
3.307641262888908386e+04 3.117405319857590484e+02
3.391279498672485352e+04 3.117815630736752155e+02
3.771256252694129944e+04 3.238490811676500698e+02
3.865741644906997681e+04 3.498838696151609042e+02
3.892183488035202026e+04 3.498838696151609042e+02
3.916781605601310730e+04 3.501104298421512340e+02
3.950752051758766174e+04 3.501104298421512340e+02
3.973209287548065186e+04 3.501104298421512340e+02
4.066414697837829590e+04 3.596927766101588304e+02
4.113550484609603882e+04 3.609946776751579591e+02
4.114903158259391785e+04 3.609946776751579591e+02
4.139577224826812744e+04 3.617435993129303142e+02
4.158962429451942444e+04 3.617435993129303142e+02
4.232187857174873352e+04 3.617435993129303142e+02
4.279261497521400452e+04 3.617435993129303142e+02
4.372627447652816772e+04 3.637199161224706927e+02
4.375565781211853027e+04 3.637300685091792047e+02
4.384614752006530762e+04 3.639364131115269743e+02
4.410877723097801208e+04 3.639364131115269743e+02
4.452658840680122375e+04 3.639364131115269743e+02
4.577285564970970154e+04 3.670783871914330234e+02
4.624772574830055237e+04 3.670783871914330234e+02
4.629737801504135132e+04 3.670783871914330234e+02
4.637351557445526123e+04 3.670783871914330234e+02
4.640385638356208801e+04 3.670783871914330234e+02
4.812800290155410767e+04 3.670783871914330234e+02
4.859607858443260193e+04 3.670783871914330234e+02
4.982871559906005859e+04 3.671686352493925938e+02
4.991419327473640442e+04 3.671937570523709837e+02
5.029927305030822754e+04 3.671937570523709837e+02
5.032936002802848816e+04 3.671937570523709837e+02
5.078362968420982361e+04 3.672041207589301166e+02
5.203521943664550781e+04 3.672041207589301166e+02
5.250540259695053101e+04 3.676014170588888419e+02
5.306640620970726013e+04 3.676014170588888419e+02
5.316116038870811462e+04 3.676024795975780535e+02
5.326316001892089844e+04 3.676024795975780535e+02
5.341138348889350891e+04 3.676024795975780535e+02
5.388012516927719116e+04 3.676024795975780535e+02
5.512156171512603760e+04 3.730388968049749678e+02
5.513485011434555054e+04 3.730388968049749678e+02
5.607735919809341431e+04 3.730388968049749678e+02
5.613287080240249634e+04 3.730388968049749678e+02
5.692950117278099060e+04 3.730388968049749678e+02
5.739634201312065125e+04 3.730388968049749678e+02
5.926719869256019592e+04 3.758555701381316680e+02
5.974568475341796875e+04 3.758555701381316680e+02
5.990024608325958252e+04 3.758555701381316680e+02
6.018204572439193726e+04 3.758555701381316680e+02
6.149808705043792725e+04 3.758555701381316680e+02
6.183478475618362427e+04 3.759673531244148990e+02
6.308495004606246948e+04 3.759673531244148990e+02
6.313364000487327576e+04 3.759673531244148990e+02
6.322653779196739197e+04 3.759673531244148990e+02
6.348978282284736633e+04 3.759673531244148990e+02
6.361975177979469299e+04 3.760023505930682290e+02
6.485946060252189636e+04 3.789207068617623122e+02
6.519642890477180481e+04 3.789207068617623122e+02
6.521375205659866333e+04 3.789207068617623122e+02
6.530182508730888367e+04 3.789207068617623122e+02
6.576386375665664673e+04 3.789207068617623122e+02
6.581201134657859802e+04 3.789207068617623122e+02
6.656318420100212097e+04 3.789207068617623122e+02
6.689858291935920715e+04 3.792262152578068140e+02
6.691190937852859497e+04 3.792262152578068140e+02
6.711209319758415222e+04 3.792262152578068140e+02
6.750528419375419617e+04 3.792262152578068140e+02
6.781742526030540466e+04 3.792262152578068140e+02
6.815955898571014404e+04 3.792262152578068140e+02
6.849581833767890930e+04 3.792262152578068140e+02
7.039449582624435425e+04 3.792262152578068140e+02
7.103742359137535095e+04 3.792262152578068140e+02
7.123647916340827942e+04 3.792262152578068140e+02
7.134211239099502563e+04 3.792262152578068140e+02
7.167950650954246521e+04 3.793212762222419769e+02
7.201741509151458740e+04 3.793212762222419769e+02
7.207417618274688721e+04 3.793212762222419769e+02
7.264878196263313293e+04 3.793212762222419769e+02
7.292545971608161926e+04 3.793212762222419769e+02
7.326516432571411133e+04 3.793212762222419769e+02
7.360684214735031128e+04 3.800191689570966673e+02
7.394448657655715942e+04 3.800191689570966673e+02
7.442278509855270386e+04 3.800213132407889134e+02
7.443734315872192383e+04 3.800213132407889134e+02
7.446817671179771423e+04 3.800213132407889134e+02
7.465864337801933289e+04 3.800213132407889134e+02
7.500035028457641602e+04 3.800832242700790857e+02
7.533479768323898315e+04 3.800832242700790857e+02
7.536291162371635437e+04 3.800832242700790857e+02
7.544173821616172791e+04 3.800832242700790857e+02
7.570584183669090271e+04 3.800832242700790857e+02
