5.757067146410705050e+00 -9.173333333333333428e+01
5.578408823828977958e+00 -9.055833333333332291e+01
4.025797241310291597e+00 -8.858333333333334281e+01
6.768895937908446570e+00 -9.252500000000000568e+01
6.403244612106126610e+00 -9.230000000000001137e+01
3.985965078304870790e+00 -8.729999999999999716e+01
6.311892601275580716e+00 -9.200833333333333997e+01
5.565036299236539641e+00 -9.035833333333333428e+01
4.276507758829855455e+00 -8.989166666666666572e+01
6.398144426397959883e+00 -9.221666666666666856e+01
3.900585586649961467e+00 -8.395000000000000284e+01
3.865222456290179132e+00 -7.965000000000000568e+01
4.183355270260512349e+00 -8.978333333333333144e+01
5.702340049002359024e+00 -9.138333333333333997e+01
