-1.088235294117647101e+01 3.547528576459781924e+00
-1.058823529411764675e+01 3.472610197596044834e+00
-4.441176470588234793e+01 4.406761529046542947e+00
-4.558823529411764497e+01 4.410743500456931976e+00
-4.235294117647058698e+01 3.982271233039568425e+00
-5.205882352941176805e+01 4.850070060747450285e+00
-3.882352941176471006e+01 3.940616082337407455e+00
-4.970588235294117396e+01 4.610617583112209594e+00
-5.235294117647059409e+01 4.858783749092215665e+00
-3.588235294117647101e+01 3.872622379025288275e+00
-5.617647058823529704e+01 4.926748764362886668e+00
