-1.088235294117647101e+01 3.547528576459781924e+00
-1.058823529411764675e+01 3.472610197596044834e+00
-4.441176470588234793e+01 4.406761529046542947e+00
-4.558823529411764497e+01 4.410743500456931976e+00
-4.970588235294117396e+01 4.610617583112209594e+00
-3.588235294117647101e+01 3.872622379025288275e+00
-4.882352941176470296e+01 4.604841407611981907e+00
-5.323529411764705799e+01 4.746704240786275619e+00
-3.970588235294117396e+01 3.930490565306269612e+00
-5.647058823529411598e+01 4.901343874898484110e+00
-5.029411764705882604e+01 4.734375725571783988e+00
-4.294117647058823195e+01 3.982271233039568425e+00
-5.676470588235294201e+01 5.080229524884867232e+00
-3.647058823529411598e+01 3.879497287249428439e+00
-4.617647058823529704e+01 4.561328016680089803e+00
-4.117647058823528994e+01 3.972480549876475919e+00
-5.794117647058823906e+01 5.777038756661664998e+00
-3.529411764705882604e+01 3.825750581348027701e+00
-2.352941176470588047e+01 3.750508394851346239e+00
