-5.117647058823528994e+01 5.556679931638010217e+00
-4.794117647058823906e+01 5.003365735270170589e+00
-3.558823529411764497e+01 4.786573978023827003e+00
-5.411764705882352899e+01 5.671634671586273768e+00
-3.382352941176471006e+01 4.167376418413582861e+00
-4.823529411764705799e+01 5.077436950800819027e+00
-4.352941176470588402e+01 4.938169346390320236e+00
-3.088235294117647101e+01 4.109848420756105014e+00
-3.147058823529411598e+01 4.138618433899492466e+00
-4.029411764705882604e+01 4.909614858252858483e+00
-1.088235294117647101e+01 3.547528576459781924e+00
