-1.088235294117647101e+01 3.547528576459781924e+00
-1.058823529411764675e+01 3.472610197596044834e+00
-4.441176470588234793e+01 4.406761529046542947e+00
-4.558823529411764497e+01 4.410743500456931976e+00
-5.323529411764705799e+01 4.746704240786275619e+00
-5.647058823529411598e+01 4.901343874898484110e+00
-4.294117647058823195e+01 3.982271233039568425e+00
-5.676470588235294201e+01 5.080229524884867232e+00
-4.117647058823528994e+01 3.972480549876475919e+00
-4.588235294117647101e+01 4.471731651480051362e+00
-3.088235294117647101e+01 3.562292864456474639e+00
-3.323529411764705799e+01 3.612783856719735454e+00
-4.941176470588235503e+01 4.539828558377898560e+00
-5.088235294117646390e+01 4.562768543016519018e+00
-3.911764705882352899e+01 3.685473019722759425e+00
-4.323529411764705799e+01 4.317457405732373132e+00
-4.823529411764705799e+01 4.477410687907251940e+00
-5.882352941176471006e+01 5.575376075408708942e+00
-5.735294117647058698e+01 5.156618802462305418e+00
-3.647058823529411598e+01 3.620656479819620799e+00
-3.676470588235294201e+01 3.636888906983799075e+00
-4.058823529411764497e+01 3.696268996745532665e+00
