-1.088235294117647101e+01 3.547528576459781924e+00
-1.058823529411764675e+01 3.472610197596044834e+00
-5.323529411764705799e+01 4.746704240786275619e+00
-5.647058823529411598e+01 4.901343874898484110e+00
-4.294117647058823195e+01 3.982271233039568425e+00
-5.676470588235294201e+01 5.080229524884867232e+00
-3.088235294117647101e+01 3.562292864456474639e+00
-5.088235294117646390e+01 4.562768543016519018e+00
-3.911764705882352899e+01 3.685473019722759425e+00
-5.882352941176471006e+01 5.575376075408708942e+00
-5.735294117647058698e+01 5.156618802462305418e+00
-3.647058823529411598e+01 3.620656479819620799e+00
-4.058823529411764497e+01 3.696268996745532665e+00
-4.352941176470588402e+01 3.983175072037813180e+00
-4.852941176470588402e+01 4.297432204810169409e+00
-3.411764705882352899e+01 3.610766594773270999e+00
-5.117647058823528994e+01 4.740133637466579231e+00
-4.235294117647058698e+01 3.972480549876475919e+00
-4.970588235294117396e+01 4.484342554736086228e+00
-5.588235294117647101e+01 4.880470592803778374e+00
-4.088235294117647101e+01 3.761551988564181936e+00
-3.735294117647058698e+01 3.631545227834309220e+00
-3.294117647058823195e+01 3.601299310194337355e+00
-4.911764705882352899e+01 4.468243914652196835e+00
-4.558823529411764497e+01 4.063445953123032695e+00
-5.794117647058823906e+01 5.392790131957616140e+00
