-1.088235294117647101e+01 3.547528576459781924e+00
-1.058823529411764675e+01 3.472610197596044834e+00
-4.441176470588234793e+01 4.406761529046542947e+00
-3.500000000000000000e+01 3.899492196138131916e+00
-5.441176470588234793e+01 5.185139686517155511e+00
-4.558823529411764497e+01 4.410743500456931976e+00
-5.588235294117647101e+01 5.483997864123026034e+00
-4.235294117647058698e+01 3.982271233039568425e+00
-5.382352941176470296e+01 5.153851434971631562e+00
-5.205882352941176805e+01 4.850070060747450285e+00
-5.235294117647059409e+01 5.118968684758946175e+00
-3.882352941176471006e+01 3.940616082337407455e+00
-4.970588235294117396e+01 4.610617583112209594e+00
-5.617647058823529704e+01 5.618714201494818816e+00
