1.311299896240234375e+01 6.860453134611157111e+01
3.486021804809570312e+01 8.336055850876977047e+01
5.878304815292358398e+01 8.336055850876977047e+01
1.243185000419616699e+02 8.336055850876977047e+01
1.330324695110321045e+02 9.102958508171495566e+01
1.500231683254241943e+02 1.181342513347289298e+02
1.619640641212463379e+02 1.181342513347289298e+02
1.863171677589416504e+02 1.181342513347289298e+02
2.095076444149017334e+02 1.181342513347289298e+02
2.123955149650573730e+02 1.181342513347289298e+02
2.174690971374511719e+02 1.181342513347289298e+02
2.261812779903411865e+02 1.199602100425730100e+02
2.375530858039855957e+02 1.199602100425730100e+02
2.617462019920349121e+02 1.204851519879220518e+02
2.859076075553894043e+02 1.204851519879220518e+02
3.030489110946655273e+02 1.204851519879220518e+02
3.533846189975738525e+02 1.555708457645726526e+02
3.656164982318878174e+02 1.594574768820757527e+02
3.778394839763641357e+02 1.594574768820757527e+02
3.779845046997070312e+02 1.594574768820757527e+02
3.786226663589477539e+02 1.594574768820757527e+02
4.350897657871246338e+02 1.594574768820757527e+02
4.454699697494506836e+02 1.594574768820757527e+02
4.957989654541015625e+02 1.594574768820757527e+02
5.078542459011077881e+02 1.594574768820757527e+02
5.312798855304718018e+02 1.594574768820757527e+02
5.348057639598846436e+02 1.594574768820757527e+02
5.507744121551513672e+02 1.594574768820757527e+02
6.057213976383209229e+02 1.594574768820757527e+02
6.159670119285583496e+02 1.594948330132938281e+02
6.324134793281555176e+02 1.594948330132938281e+02
6.556913282871246338e+02 1.594948330132938281e+02
6.804442257881164551e+02 1.594948330132938281e+02
7.297383670806884766e+02 1.594948330132938281e+02
7.404288222789764404e+02 1.594948330132938281e+02
7.949609925746917725e+02 1.647316780994437124e+02
8.193485414981842041e+02 1.647316780994437124e+02
8.195559353828430176e+02 1.647316780994437124e+02
8.427737112045288086e+02 1.647316780994437124e+02
8.805311138629913330e+02 1.683193051545203218e+02
9.354156351089477539e+02 1.802219055240511238e+02
9.731391139030456543e+02 1.802219055240511238e+02
9.972181468009948730e+02 1.802219055240511238e+02
1.020653618812561035e+03 1.802219055240511238e+02
1.023031202077865601e+03 1.802219055240511238e+02
1.080033355474472046e+03 1.802219055240511238e+02
1.080978017330169678e+03 1.802219055240511238e+02
1.132402782917022705e+03 1.805476441308439064e+02
1.144376654863357544e+03 1.805476441308439064e+02
1.177422126770019531e+03 1.805476441308439064e+02
1.194433012247085571e+03 1.805476441308439064e+02
1.228963491439819336e+03 1.805476441308439064e+02
1.292633975267410278e+03 1.805476441308439064e+02
1.330216343402862549e+03 1.805476441308439064e+02
1.342965899229049683e+03 1.805476441308439064e+02
1.375715278148651123e+03 1.805476441308439064e+02
1.400214744091033936e+03 1.805476441308439064e+02
1.429738436698913574e+03 1.805476441308439064e+02
1.467360748052597046e+03 1.805476441308439064e+02
1.494389111042022705e+03 1.812137097621341866e+02
1.518241394519805908e+03 1.812137097621341866e+02
1.541868043661117554e+03 1.812137097621341866e+02
1.566548734903335571e+03 1.812137097621341866e+02
1.610227417469024658e+03 1.812137097621341866e+02
1.637967587947845459e+03 1.812137097621341866e+02
1.676675533056259155e+03 1.812137097621341866e+02
1.688243686437606812e+03 1.812137097621341866e+02
1.688454386472702026e+03 1.812137097621341866e+02
1.706395015478134155e+03 1.812137097621341866e+02
1.737590152025222778e+03 1.812137097621341866e+02
1.763445892333984375e+03 1.890464716669025620e+02
1.790332680702209473e+03 1.890464716669025620e+02
1.801923002481460571e+03 1.890464716669025620e+02
1.825126171112060547e+03 1.890464716669025620e+02
1.849421752452850342e+03 1.890464716669025620e+02
1.926153273820877075e+03 1.890464716669025620e+02
1.953182020187377930e+03 1.890706879912893328e+02
1.990726924896240234e+03 1.890706879912893328e+02
2.002886304140090942e+03 1.890706879912893328e+02
2.042909108877182007e+03 1.890706879912893328e+02
2.053052812337875366e+03 1.890706879912893328e+02
2.112583828210830688e+03 1.890706879912893328e+02
2.137750571489334106e+03 1.916844280742186299e+02
2.164561543941497803e+03 1.917550367640854461e+02
2.165631394147872925e+03 1.917550367640854461e+02
2.188494604587554932e+03 1.917550367640854461e+02
2.200063146352767944e+03 1.917550367640854461e+02
2.225840971469879150e+03 1.918163374335795197e+02
2.252357408523559570e+03 1.918163374335795197e+02
2.279890208959579468e+03 1.918163374335795197e+02
2.291692456722259521e+03 1.918163374335795197e+02
2.299305392503738403e+03 1.918163374335795197e+02
2.317472230672836304e+03 1.918163374335795197e+02
2.356346872329711914e+03 1.918163374335795197e+02
2.377838727712631226e+03 1.921639124220988322e+02
2.404695182800292969e+03 1.921639124220988322e+02
2.415939277887344360e+03 1.921639124220988322e+02
2.427570854902267456e+03 1.921639124220988322e+02
2.439190464258193970e+03 1.921639124220988322e+02
2.440295424699783325e+03 1.921639124220988322e+02
2.471837202310562134e+03 1.921639124220988322e+02
2.493060554027557373e+03 1.921639124220988322e+02
2.502740347623825073e+03 1.921639124220988322e+02
2.525637833833694458e+03 1.921639124220988322e+02
2.537152644395828247e+03 1.921639124220988322e+02
2.565618955612182617e+03 1.921639124220988322e+02
2.609371938943862915e+03 1.952616419892425483e+02
2.635562771797180176e+03 1.952616419892425483e+02
2.647383367061614990e+03 1.952616419892425483e+02
2.658623090744018555e+03 1.952616419892425483e+02
2.670522008657455444e+03 1.952616419892425483e+02
2.732285890817642212e+03 1.952616419892425483e+02
2.758166667222976685e+03 1.952616419892425483e+02
2.813031369209289551e+03 1.956895267133112384e+02
2.837764683246612549e+03 1.956895267133112384e+02
2.861065263986587524e+03 1.956895267133112384e+02
2.872648707151412964e+03 1.956895267133112384e+02
2.899353997230529785e+03 1.956895267133112384e+02
2.920849164485931396e+03 1.959046491184910224e+02
2.947742506027221680e+03 1.962328324859437885e+02
2.961675056695938110e+03 1.962328324859437885e+02
2.984997019290924072e+03 1.962328324859437885e+02
2.996435481548309326e+03 1.962328324859437885e+02
3.052254852056503296e+03 1.962328324859437885e+02
3.119969873428344727e+03 1.962328324859437885e+02
3.163772534608840942e+03 1.962328324859437885e+02
3.175164066314697266e+03 1.962328324859437885e+02
3.175444774866104126e+03 1.962328324859437885e+02
3.187212421417236328e+03 1.962328324859437885e+02
3.214249087095260620e+03 1.962328324859437885e+02
3.258117037773132324e+03 1.962410105722172204e+02
3.313496244192123413e+03 1.962410105722172204e+02
3.325494054555892944e+03 1.962410105722172204e+02
3.347539006471633911e+03 1.962410105722172204e+02
3.372163582563400269e+03 1.962410105722172204e+02
3.392458363056182861e+03 1.962410105722172204e+02
3.427026793718338013e+03 1.962410105722172204e+02
3.470939368963241577e+03 1.963069264843362305e+02
3.480891478538513184e+03 1.963069264843362305e+02
3.504468984365463257e+03 1.963069264843362305e+02
3.516166025400161743e+03 1.963069264843362305e+02
3.551846890926361084e+03 1.963069264843362305e+02
3.596215564012527466e+03 1.963069264843362305e+02
3.639224331855773926e+03 1.963069264843362305e+02
3.651584258556365967e+03 1.963069264843362305e+02
3.675148902654647827e+03 1.963069264843362305e+02
3.698854757308959961e+03 1.963069264843362305e+02
3.727716782093048096e+03 1.963069264843362305e+02
3.771020930528640747e+03 1.963069264843362305e+02
3.814446094274520874e+03 1.963069264843362305e+02
3.826753938198089600e+03 1.963069264843362305e+02
3.839290909767150879e+03 1.963069264843362305e+02
3.850861428260803223e+03 1.963069264843362305e+02
3.877882900953292847e+03 1.963069264843362305e+02
3.920697216033935547e+03 1.963069264843362305e+02
3.975333054304122925e+03 1.963183623226933889e+02
3.989758250236511230e+03 1.963183623226933889e+02
4.013380638837814331e+03 1.963183623226933889e+02
4.013584479093551636e+03 1.963183623226933889e+02
4.056413534879684448e+03 1.963183623226933889e+02
4.089994189739227295e+03 1.963183623226933889e+02
4.117317889451980591e+03 1.963183623226933889e+02
4.129650349855422974e+03 1.963183623226933889e+02
4.140850483894348145e+03 1.963183623226933889e+02
4.152221785068511963e+03 1.963183623226933889e+02
4.206316941022872925e+03 1.985946521116943302e+02
4.250303749322891235e+03 1.985946521116943302e+02
4.305129256010055542e+03 1.989687676706848265e+02
4.327953020811080933e+03 1.989687676706848265e+02
4.351525912523269653e+03 1.989687676706848265e+02
4.363129208564758301e+03 1.989687676706848265e+02
4.418370779991149902e+03 2.003743646209596818e+02
4.451957757472991943e+03 2.003743646209596818e+02
4.520618724822998047e+03 2.032245408976986027e+02
4.548077655076980591e+03 2.032245408976986027e+02
4.571194693326950073e+03 2.032245408976986027e+02
4.595093442201614380e+03 2.032245408976986027e+02
4.622273876428604126e+03 2.032245408976986027e+02
4.656014897108078003e+03 2.032245408976986027e+02
4.683143705368041992e+03 2.032245408976986027e+02
4.693994936466217041e+03 2.032245408976986027e+02
4.716377724647521973e+03 2.032245408976986027e+02
4.739843114376068115e+03 2.032245408976986027e+02
4.766253929376602173e+03 2.032245408976986027e+02
4.793085825681686401e+03 2.032245408976986027e+02
4.861791625738143921e+03 2.032245408976986027e+02
4.871944513320922852e+03 2.032245408976986027e+02
4.883027317523956299e+03 2.032245408976986027e+02
4.900892920732498169e+03 2.032245408976986027e+02
4.927874422788619995e+03 2.032245408976986027e+02
4.955630320549011230e+03 2.032245408976986027e+02
4.982674362897872925e+03 2.032245408976986027e+02
4.992070124387741089e+03 2.049778781575804487e+02
5.012811014890670776e+03 2.049778781575804487e+02
5.036362190485000610e+03 2.049778781575804487e+02
5.105579954385757446e+03 2.049778781575804487e+02
5.132923181772232056e+03 2.049778781575804487e+02
5.201531970262527466e+03 2.051616105792828080e+02
5.210567584991455078e+03 2.051616105792828080e+02
5.219163722515106201e+03 2.051616105792828080e+02
5.236208710670471191e+03 2.051616105792828080e+02
5.262914431571960449e+03 2.051616105792828080e+02
5.329697687864303589e+03 2.051616105792828080e+02
5.396688517093658447e+03 2.051616105792828080e+02
5.403917361497879028e+03 2.051616105792828080e+02
5.412783928394317627e+03 2.051616105792828080e+02
5.430496638298034668e+03 2.051616105792828080e+02
5.523724944829940796e+03 2.051616105792828080e+02
5.549452077627182007e+03 2.051616105792828080e+02
5.618141292572021484e+03 2.051959289227753231e+02
5.627077460050582886e+03 2.051959289227753231e+02
5.633467179298400879e+03 2.051959289227753231e+02
5.643494296073913574e+03 2.051959289227753231e+02
5.669579831600189209e+03 2.051959289227753231e+02
5.738286928176879883e+03 2.051968146749499624e+02
5.805789813756942749e+03 2.051968146749499624e+02
5.817737286567687988e+03 2.051968146749499624e+02
5.833095272064208984e+03 2.051968146749499624e+02
5.850764097690582275e+03 2.051968146749499624e+02
5.905717462778091431e+03 2.051968146749499624e+02
5.931475510120391846e+03 2.051968146749499624e+02
5.958548212051391602e+03 2.051968146749499624e+02
5.970271781682968140e+03 2.051968146749499624e+02
5.978845810174942017e+03 2.051968146749499624e+02
5.996862262248992920e+03 2.051968146749499624e+02
6.024922153711318970e+03 2.051968146749499624e+02
6.052545916318893433e+03 2.051968146749499624e+02
6.107166568279266357e+03 2.051968146749499624e+02
6.120168960094451904e+03 2.051968146749499624e+02
6.129020773887634277e+03 2.051968146749499624e+02
6.140236829280853271e+03 2.051968146749499624e+02
6.173896526575088501e+03 2.051968146749499624e+02
6.200483277559280396e+03 2.051968146749499624e+02
6.268034249544143677e+03 2.052091634574967998e+02
6.276518699884414673e+03 2.052091634574967998e+02
6.284952412843704224e+03 2.052091634574967998e+02
6.302119997739791870e+03 2.052091634574967998e+02
6.328692497968673706e+03 2.053496341449896931e+02
6.404712198019027710e+03 2.053496341449896931e+02
6.431806643486022949e+03 2.053496341449896931e+02
6.440694976091384888e+03 2.053496341449896931e+02
6.449410690546035767e+03 2.053496341449896931e+02
6.468297536849975586e+03 2.053496341449896931e+02
6.536950674295425415e+03 2.057958709403675357e+02
6.567703153133392334e+03 2.057958709403675357e+02
6.636324560165405273e+03 2.057958709403675357e+02
6.645054886341094971e+03 2.057958709403675357e+02
6.653828159093856812e+03 2.057958709403675357e+02
6.671654917478561401e+03 2.057958709403675357e+02
6.696802414417266846e+03 2.057958709403675357e+02
6.765020240545272827e+03 2.057958709403675357e+02
6.818668510198593140e+03 2.057958709403675357e+02
6.827284724235534668e+03 2.057958709403675357e+02
6.836210619211196899e+03 2.057958709403675357e+02
6.855435625553131104e+03 2.057958709403675357e+02
6.909125556468963623e+03 2.057958709403675357e+02
6.982051723003387451e+03 2.057958709403675357e+02
7.037434880971908569e+03 2.057958709403675357e+02
7.046200310707092285e+03 2.057958709403675357e+02
7.054968224048614502e+03 2.057958709403675357e+02
7.063510578870773315e+03 2.057958709403675357e+02
7.092908686399459839e+03 2.057958709403675357e+02
7.129155913591384888e+03 2.057958709403675357e+02
7.156549638986587524e+03 2.062696585907418978e+02
7.165220764636993408e+03 2.062696585907418978e+02
7.173981484651565552e+03 2.062696585907418978e+02
7.191068853616714478e+03 2.062696585907418978e+02
7.224229626178741455e+03 2.062696585907418978e+02
7.259777193069458008e+03 2.062696585907418978e+02
7.336759628772735596e+03 2.062696585907418978e+02
7.345113748311996460e+03 2.062696585907418978e+02
7.362154414415359497e+03 2.062696585907418978e+02
7.371100590467453003e+03 2.062696585907418978e+02
7.426831345319747925e+03 2.062696585907418978e+02
7.461770479440689087e+03 2.062696585907418978e+02
7.527067108631134033e+03 2.062696585907418978e+02
7.535377177715301514e+03 2.062696585907418978e+02
7.553438412666320801e+03 2.062696585907418978e+02
7.562319036722183228e+03 2.062696585907418978e+02
7.629277531147003174e+03 2.062696585907418978e+02
7.698040990829467773e+03 2.062696585907418978e+02
7.774333646774291992e+03 2.062696585907418978e+02
7.783178407907485962e+03 2.062696585907418978e+02
7.791665854692459106e+03 2.062696585907418978e+02
7.809372475147247314e+03 2.062696585907418978e+02
7.836266154766082764e+03 2.062696585907418978e+02
7.925993904590606689e+03 2.062696585907418978e+02
7.953003637075424194e+03 2.062696585907418978e+02
7.961603784084320068e+03 2.062696585907418978e+02
7.970642724752426147e+03 2.062696585907418978e+02
7.988059029102325439e+03 2.062696585907418978e+02
8.041948371887207031e+03 2.063548390197396998e+02
8.069766355991363525e+03 2.063548390197396998e+02
8.105035013198852539e+03 2.063548390197396998e+02
8.113765544891357422e+03 2.063548390197396998e+02
8.122598611116409302e+03 2.063548390197396998e+02
8.141862653255462646e+03 2.063548390197396998e+02
8.169145697593688965e+03 2.063548390197396998e+02
8.196882810354232788e+03 2.067704091383887146e+02
8.225783891916275024e+03 2.067704091383887146e+02
8.234240948677062988e+03 2.067704091383887146e+02
8.243058332443237305e+03 2.067704091383887146e+02
8.262138884305953979e+03 2.067704091383887146e+02
8.289032995700836182e+03 2.067704091383887146e+02
8.325535683155059814e+03 2.067704091383887146e+02
8.402064047098159790e+03 2.067704091383887146e+02
8.419669267892837524e+03 2.067704091383887146e+02
8.428217985630035400e+03 2.067704091383887146e+02
8.445869823932647705e+03 2.067704091383887146e+02
8.502103543996810913e+03 2.067704091383887146e+02
8.561890258550643921e+03 2.067704091383887146e+02
8.597182199716567993e+03 2.067704091383887146e+02
8.614461065292358398e+03 2.067704091383887146e+02
8.631935846328735352e+03 2.067704091383887146e+02
8.649454245328903198e+03 2.067704091383887146e+02
8.676414015293121338e+03 2.069875706303248251e+02
8.748190687656402588e+03 2.069875706303248251e+02
8.783171650171279907e+03 2.069875706303248251e+02
8.792044910669326782e+03 2.069875706303248251e+02
8.809546687126159668e+03 2.069875706303248251e+02
8.817984425544738770e+03 2.069875706303248251e+02
8.844400275230407715e+03 2.069875706303248251e+02
8.872384060382843018e+03 2.073169243561886788e+02
8.900401681900024414e+03 2.073169243561886788e+02
8.918075769662857056e+03 2.073169243561886788e+02
8.935846119880676270e+03 2.073169243561886788e+02
8.953738223314285278e+03 2.073169243561886788e+02
8.981487546920776367e+03 2.073169243561886788e+02
9.014103195428848267e+03 2.073169243561886788e+02
9.042132040262222290e+03 2.073169243561886788e+02
9.051122865676879883e+03 2.073169243561886788e+02
9.059933654069900513e+03 2.073169243561886788e+02
9.077688195943832397e+03 2.073169243561886788e+02
9.107758063793182373e+03 2.073169243561886788e+02
9.143046057462692261e+03 2.074887333685259989e+02
9.213924070596694946e+03 2.074887333685259989e+02
9.231350005388259888e+03 2.074887333685259989e+02
9.250158524513244629e+03 2.074887333685259989e+02
9.268132249593734741e+03 2.074887333685259989e+02
9.322781619071960449e+03 2.076463650717095959e+02
9.379085050821304321e+03 2.076463650717095959e+02
9.406363001585006714e+03 2.077069676709144233e+02
9.423575104951858521e+03 2.077069676709144233e+02
9.440963697671890259e+03 2.077069676709144233e+02
9.456990937709808350e+03 2.077069676709144233e+02
9.484454656839370728e+03 2.077069676709144233e+02
9.512023702144622803e+03 2.077069676709144233e+02
9.543959153175354004e+03 2.077069676709144233e+02
9.561648384571075439e+03 2.077069676709144233e+02
9.569029627323150635e+03 2.077069676709144233e+02
9.585032944917678833e+03 2.077069676709144233e+02
9.639579481601715088e+03 2.081092149074808617e+02
9.667654607295989990e+03 2.081092149074808617e+02
9.695250388383865356e+03 2.081092149074808617e+02
9.712678647041320801e+03 2.081092149074808617e+02
9.721678983211517334e+03 2.081092149074808617e+02
9.739488966941833496e+03 2.081092149074808617e+02
9.766608916521072388e+03 2.081092149074808617e+02
9.795838914394378662e+03 2.081092149074808617e+02
9.831933151960372925e+03 2.081092149074808617e+02
9.840000208616256714e+03 2.081092149074808617e+02
9.848617934465408325e+03 2.081092149074808617e+02
9.857221133232116699e+03 2.081092149074808617e+02
9.912956492185592651e+03 2.090122649235198367e+02
9.942169777870178223e+03 2.090122649235198367e+02
9.981280363082885742e+03 2.090122649235198367e+02
9.998285223245620728e+03 2.090122649235198367e+02
1.000667472577095032e+04 2.090122649235198367e+02
1.001532766938209534e+04 2.090122649235198367e+02
1.007239160227775574e+04 2.090122649235198367e+02
1.010024922156333923e+04 2.090122649235198367e+02
1.012811860251426697e+04 2.091257055411962824e+02
1.013682026553153992e+04 2.091257055411962824e+02
1.015453727054595947e+04 2.091257055411962824e+02
1.017225927710533142e+04 2.091257055411962824e+02
1.020008384466171265e+04 2.091257055411962824e+02
1.022794009160995483e+04 2.091257055411962824e+02
1.025715735149383545e+04 2.091257055411962824e+02
1.027371627426147461e+04 2.091257055411962824e+02
1.028171646142005920e+04 2.091257055411962824e+02
1.029870065093040466e+04 2.091257055411962824e+02
1.032592362999916077e+04 2.091257055411962824e+02
1.035382990360260010e+04 2.093150467746925756e+02
1.038173259568214417e+04 2.093150467746925756e+02
1.040006101107597351e+04 2.093150467746925756e+02
1.041764758062362671e+04 2.093150467746925756e+02
1.043494441938400269e+04 2.093150467746925756e+02
1.046555901169776917e+04 2.116177444907012841e+02
1.049284465503692627e+04 2.116177444907012841e+02
1.052068834471702576e+04 2.119633393560750960e+02
1.052956708192825317e+04 2.119633393560750960e+02
1.053825407910346985e+04 2.119633393560750960e+02
1.055608397769927979e+04 2.119633393560750960e+02
1.058361650657653809e+04 2.119633393560750960e+02
1.061284705567359924e+04 2.119633393560750960e+02
1.064612127017974854e+04 2.119633393560750960e+02
1.066375246191024780e+04 2.119633393560750960e+02
1.067249809956550598e+04 2.119633393560750960e+02
1.069050116682052612e+04 2.119633393560750960e+02
1.071862992167472839e+04 2.119633393560750960e+02
1.074746389865875244e+04 2.119633393560750960e+02
1.077551795482635498e+04 2.120985992763422701e+02
1.079289914536476135e+04 2.120985992763422701e+02
1.081075743842124939e+04 2.120985992763422701e+02
1.082851343083381653e+04 2.120985992763422701e+02
1.085646135926246643e+04 2.120985992763422701e+02
1.091557716631889343e+04 2.122890784903273698e+02
1.094749200367927551e+04 2.122890784903273698e+02
1.095633329558372498e+04 2.122890784903273698e+02
1.096491066479682922e+04 2.122890784903273698e+02
1.098265333914756775e+04 2.122890784903273698e+02
1.100964803290367126e+04 2.124552259343627156e+02
1.104217996644973755e+04 2.129337362121163721e+02
1.107034346318244934e+04 2.129337362121163721e+02
1.108763085460662842e+04 2.129337362121163721e+02
1.109620193958282471e+04 2.129337362121163721e+02
1.111357293081283569e+04 2.129337362121163721e+02
1.114066698765754700e+04 2.129337362121163721e+02
1.116886045980453491e+04 2.129337362121163721e+02
1.119693771672248840e+04 2.129337362121163721e+02
1.120575398492813110e+04 2.129337362121163721e+02
1.121466072154045105e+04 2.129337362121163721e+02
1.123376387190818787e+04 2.129337362121163721e+02
1.126147394800186157e+04 2.129337362121163721e+02
1.129072519207000732e+04 2.129337362121163721e+02
1.134698050022125244e+04 2.137001523847294493e+02
1.135566160464286804e+04 2.137001523847294493e+02
1.137442265725135803e+04 2.137001523847294493e+02
1.139209741711616516e+04 2.137001523847294493e+02
1.141934787678718567e+04 2.137001523847294493e+02
1.147577756357192993e+04 2.137001523847294493e+02
1.150378136372566223e+04 2.137001523847294493e+02
1.151282475852966309e+04 2.137001523847294493e+02
1.153057645630836487e+04 2.137001523847294493e+02
1.153914248609542847e+04 2.137001523847294493e+02
1.159524562788009644e+04 2.137001523847294493e+02
1.165484613084793091e+04 2.137001523847294493e+02
1.168269799470901489e+04 2.137001523847294493e+02
1.170021906304359436e+04 2.137001523847294493e+02
1.170879033565521240e+04 2.137001523847294493e+02
1.172663850665092468e+04 2.137001523847294493e+02
1.175475755047798157e+04 2.137001523847294493e+02
1.181088284659385681e+04 2.137001523847294493e+02
1.183900060224533081e+04 2.137001523847294493e+02
1.185679429340362549e+04 2.137001523847294493e+02
1.186560433459281921e+04 2.137001523847294493e+02
1.187421398687362671e+04 2.137001523847294493e+02
1.190263981652259827e+04 2.141907593729362134e+02
1.193030527210235596e+04 2.141907593729362134e+02
1.195822735261917114e+04 2.141907593729362134e+02
1.197612117767333984e+04 2.141907593729362134e+02
1.198480479860305786e+04 2.141907593729362134e+02
1.199419099974632263e+04 2.141907593729362134e+02
1.202233466410636902e+04 2.141907593729362134e+02
1.207890942120552063e+04 2.152439310870886402e+02
1.210800617671012878e+04 2.152439310870886402e+02
1.212580629873275757e+04 2.152439310870886402e+02
1.213427559518814087e+04 2.152439310870886402e+02
1.214318245768547058e+04 2.152439310870886402e+02
1.219901684832572937e+04 2.152439310870886402e+02
1.223233788776397705e+04 2.152439310870886402e+02
1.228947550344467163e+04 2.152439310870886402e+02
1.229744274234771729e+04 2.152439310870886402e+02
1.231735104560852051e+04 2.152439310870886402e+02
1.233519794964790344e+04 2.152439310870886402e+02
1.239159773182868958e+04 2.152439310870886402e+02
1.245135030841827393e+04 2.152439310870886402e+02
1.250727870631217957e+04 2.153420850482102082e+02
1.251610648107528687e+04 2.153420850482102082e+02
1.252502450156211853e+04 2.153420850482102082e+02
1.254436724042892456e+04 2.153420850482102082e+02
1.260006936883926392e+04 2.153420850482102082e+02
1.262820979189872742e+04 2.153420850482102082e+02
1.269316186094284058e+04 2.153420850482102082e+02
1.271010836315155029e+04 2.153420850482102082e+02
1.271937118554115295e+04 2.153420850482102082e+02
1.273887892103195190e+04 2.153420850482102082e+02
1.279518736314773560e+04 2.153420850482102082e+02
1.285150561118125916e+04 2.153420850482102082e+02
1.290711256575584412e+04 2.153420850482102082e+02
1.291585233139991760e+04 2.153420850482102082e+02
1.293458420324325562e+04 2.153420850482102082e+02
1.294404205250740051e+04 2.153420850482102082e+02
1.300448741197586060e+04 2.153420850482102082e+02
1.303231415057182312e+04 2.153420850482102082e+02
1.309792736864089966e+04 2.153420850482102082e+02
1.311568483376502991e+04 2.153420850482102082e+02
1.312444068479537964e+04 2.153420850482102082e+02
1.314170231699943542e+04 2.153420850482102082e+02
1.316994765996932983e+04 2.153420850482102082e+02
1.322594786930084229e+04 2.153420850482102082e+02
1.325398954367637634e+04 2.153420850482102082e+02
1.327154574394226074e+04 2.153420850482102082e+02
1.328941861367225647e+04 2.153420850482102082e+02
1.330714809942245483e+04 2.153420850482102082e+02
1.336197490644454956e+04 2.153420850482102082e+02
1.341836136460304260e+04 2.153420850482102082e+02
1.342046403980255127e+04 2.153420850482102082e+02
1.343812542128562927e+04 2.153420850482102082e+02
1.345585058712959290e+04 2.153420850482102082e+02
1.347350667285919189e+04 2.153420850482102082e+02
1.352917103242874146e+04 2.153420850482102082e+02
1.355708164691925049e+04 2.153420850482102082e+02
1.361354717588424683e+04 2.153420850482102082e+02
1.363040247011184692e+04 2.153420850482102082e+02
1.364800799202919006e+04 2.153420850482102082e+02
1.366571929311752319e+04 2.153420850482102082e+02
1.372069534945487976e+04 2.155671606499846575e+02
1.374886371684074402e+04 2.155671606499846575e+02
1.380480717468261719e+04 2.155671606499846575e+02
1.382260706830024719e+04 2.155671606499846575e+02
1.384036231756210327e+04 2.155671606499846575e+02
1.385813011837005615e+04 2.155671606499846575e+02
1.391354835247993469e+04 2.155671606499846575e+02
1.394137806105613708e+04 2.155671606499846575e+02
1.396943960332870483e+04 2.155671606499846575e+02
1.398702840423583984e+04 2.155671606499846575e+02
1.400418278670310974e+04 2.155671606499846575e+02
1.402179565191268921e+04 2.155671606499846575e+02
1.407698430442810059e+04 2.155671606499846575e+02
1.410513709950447083e+04 2.155671606499846575e+02
1.416183924698829651e+04 2.155671606499846575e+02
1.417853122210502625e+04 2.155671606499846575e+02
1.419584756469726562e+04 2.155671606499846575e+02
1.421400213313102722e+04 2.155671606499846575e+02
1.424226618409156799e+04 2.155671606499846575e+02
1.427015657186508179e+04 2.155671606499846575e+02
1.429571172809600830e+04 2.155671606499846575e+02
1.431480792164802551e+04 2.155671606499846575e+02
1.433242039918899536e+04 2.155671606499846575e+02
1.435035292291641235e+04 2.155671606499846575e+02
