-3.117647058823529349e+01 4.159777672787248193e+00
-3.470588235294117396e+01 4.246966106558743625e+00
-1.588235294117646923e+01 3.664735968518705089e+00
-1.676470588235293846e+01 3.694517453811156038e+00
-2.382352941176470296e+01 3.720076572768140633e+00
-2.441176470588235148e+01 3.794069583981632299e+00
-2.411764705882352899e+01 3.766264090651995744e+00
-1.970588235294117752e+01 3.697665162647674642e+00
-4.529411764705882604e+01 4.656261151708340762e+00
-4.117647058823528994e+01 4.439032532120412711e+00
-5.294117647058823906e+01 5.173049254582450018e+00
-5.411764705882352899e+01 6.509663329100438212e+00
-5.088235294117646390e+01 5.172296365234005933e+00
-4.970588235294117396e+01 5.154427016513106530e+00
-4.823529411764705799e+01 4.850051659608455523e+00
-5.352941176470588402e+01 5.704224323464005764e+00
-4.852941176470588402e+01 4.864813557920583342e+00
-3.823529411764705799e+01 4.321287665169863068e+00
