-3.117647058823529349e+01 4.159777672787248193e+00
-3.470588235294117396e+01 4.246966106558743625e+00
-2.000000000000000000e+01 4.157909866226344953e+00
-4.500000000000000000e+01 5.202071259558610272e+00
-5.205882352941176805e+01 5.391667141069290459e+00
-5.117647058823528994e+01 5.283827943622293688e+00
-1.588235294117646923e+01 3.664735968518705089e+00
-4.323529411764705799e+01 4.854603568249298284e+00
-4.970588235294117396e+01 5.268823597025598993e+00
-1.676470588235293846e+01 3.694517453811156038e+00
