-3.117647058823529349e+01 4.159777672787248193e+00
-1.588235294117646923e+01 3.664735968518705089e+00
-1.676470588235293846e+01 3.694517453811156038e+00
-2.382352941176470296e+01 3.720076572768140633e+00
-2.441176470588235148e+01 3.794069583981632299e+00
-2.411764705882352899e+01 3.766264090651995744e+00
-1.970588235294117752e+01 3.697665162647674642e+00
-5.088235294117646390e+01 4.671256174812198125e+00
-5.352941176470588402e+01 5.511375273414000908e+00
-3.823529411764705799e+01 4.267640982345915823e+00
-5.558823529411765207e+01 6.446748515778486954e+00
-3.588235294117647101e+01 4.223392092448770896e+00
-5.294117647058823906e+01 4.999830592115372951e+00
-5.529411764705882604e+01 6.121361526905984007e+00
-4.382352941176470296e+01 4.284001867867714530e+00
-5.470588235294118107e+01 5.655383376992118905e+00
-4.705882352941176094e+01 4.338914452663328980e+00
-5.176470588235294912e+01 4.888589436177580794e+00
