1.377889278173446655e+03 1.778082437201761934e+01
1.616813325405120850e+03 2.805076315359367101e+01
4.710869861602783203e+03 2.836297683886197518e+01
1.426477365493774414e+04 2.836297683886197518e+01
1.693830691647529602e+04 1.472339614461052122e+02
3.625750215315818787e+04 1.472339614461052122e+02
3.672053541040420532e+04 1.472644532841521823e+02
3.695831410264968872e+04 1.472644532841521823e+02
3.970282047939300537e+04 1.472644532841521823e+02
4.048102238297462463e+04 1.472644532841521823e+02
4.539281298160552979e+04 1.595346262125807755e+02
5.018821954655647278e+04 1.595346262125807755e+02
5.036181104111671448e+04 1.595346262125807755e+02
5.060353030967712402e+04 2.500804932421837350e+02
5.162393975734710693e+04 2.500804932421837350e+02
5.541319621992111206e+04 2.542660393104414993e+02
5.939001886367797852e+04 2.542660393104414993e+02
6.065873332095146179e+04 2.542660393104414993e+02
6.069396203351020813e+04 2.542660393104414993e+02
6.082768201828002930e+04 2.542660393104414993e+02
6.177416331648826599e+04 2.542660393104414993e+02
6.443647169876098633e+04 2.542660393104414993e+02
6.903040296244621277e+04 2.542660393104414993e+02
7.153830662918090820e+04 2.553475671287694126e+02
7.161043789982795715e+04 2.553475671287694126e+02
7.193115456962585449e+04 2.553475671287694126e+02
7.287741220879554749e+04 2.553475671287694126e+02
7.291341807341575623e+04 2.821996355537033878e+02
7.485117302298545837e+04 3.261770105848728463e+02
7.507644298720359802e+04 3.265872403365762011e+02
7.509141105961799622e+04 3.265872403365762011e+02
7.534197713494300842e+04 3.265872403365762011e+02
7.545355649971961975e+04 3.265872403365762011e+02
7.740142051815986633e+04 3.283482355591344799e+02
7.743805408430099487e+04 3.283482355591344799e+02
7.766199177622795105e+04 3.302135184437445901e+02
7.874775827932357788e+04 3.302135184437445901e+02
7.888982104539871216e+04 3.302135184437445901e+02
7.899962810277938843e+04 3.302135184437445901e+02
