6.400318455470650036e+00 -9.245833333333332860e+01
4.223495940962394890e+00 -8.870000000000000284e+01
4.398911740377849711e+00 -8.950833333333333997e+01
4.316075234838397279e+00 -8.892499999999999716e+01
2.819543935541868773e+00 -7.685833333333333428e+01
4.805364907466445068e+00 -9.040833333333333144e+01
4.422819564523277514e+00 -8.990833333333333144e+01
4.972892161799043365e+00 -9.135833333333333428e+01
2.772321706722919998e+00 -7.459999999999999432e+01
2.527629900871338542e+00 -7.445000000000000284e+01
2.518513939877887520e+00 -6.469166666666666288e+01
2.770852011642144230e+00 -7.448333333333333428e+01
5.635207198176030552e+00 -9.164999999999999147e+01
4.069001717045599875e+00 -8.827500000000000568e+01
4.872767934706478954e+00 -9.118333333333333712e+01
2.880813592280791369e+00 -7.746666666666666856e+01
4.741663622514662002e+00 -9.033333333333332860e+01
2.986771734266244760e+00 -8.157500000000000284e+01
4.404457393046748770e+00 -8.990000000000000568e+01
