6.400318455470650036e+00 -9.245833333333332860e+01
2.947433721887050773e+00 -8.257500000000000284e+01
2.527629900871338542e+00 -7.576666666666666572e+01
3.023252459633711364e+00 -8.387500000000000000e+01
3.086359830674748395e+00 -8.472499999999999432e+01
2.799340549453581684e+00 -7.983333333333332860e+01
2.752816431188271462e+00 -7.850000000000000000e+01
2.845718017966658575e+00 -8.204166666666667140e+01
5.205022918754099948e+00 -9.192499999999999716e+01
2.773054693364262580e+00 -7.973333333333333428e+01
2.491361693834272639e+00 -7.477500000000000568e+01
2.983175072037813180e+00 -8.265000000000000568e+01
5.693034515113187588e+00 -9.217499999999999716e+01
2.451786435524290209e+00 -7.196666666666666856e+01
2.720985744153739283e+00 -7.810000000000000853e+01
4.853229602254919506e+00 -9.144166666666666288e+01
4.730943693427735575e+00 -9.125000000000000000e+01
2.561101383649055929e+00 -7.729999999999999716e+01
2.810904280668700572e+00 -8.110000000000000853e+01
4.679509659842540081e+00 -9.095000000000000284e+01
3.141449773400467382e+00 -8.552499999999999147e+01
4.797606809070327216e+00 -9.142499999999999716e+01
4.771594829287477246e+00 -9.126666666666666572e+01
4.195982630688358306e+00 -9.089166666666666572e+01
2.621176281775035033e+00 -7.794166666666666288e+01
3.686457510469111742e+00 -8.856666666666667709e+01
3.001733712809000476e+00 -8.325833333333333997e+01
3.921686475483602052e+00 -8.909999999999999432e+01
3.557266528869904132e+00 -8.637500000000000000e+01
5.084879999122115635e+00 -9.177499999999999147e+01
2.408239965311849584e+00 -6.707499999999998863e+01
3.591621038213319128e+00 -8.763333333333332575e+01
3.985201858364571859e+00 -9.004999999999999716e+01
3.958850451679678528e+00 -8.973333333333333428e+01
4.035509785089558044e+00 -9.077499999999999147e+01
