6.400318455470650036e+00 -9.245833333333332860e+01
4.223495940962394890e+00 -8.870000000000000284e+01
4.398911740377849711e+00 -8.950833333333333997e+01
4.316075234838397279e+00 -8.892499999999999716e+01
2.819543935541868773e+00 -7.685833333333333428e+01
4.422819564523277514e+00 -8.990833333333333144e+01
4.972892161799043365e+00 -9.135833333333333428e+01
2.527629900871338542e+00 -7.445000000000000284e+01
5.635207198176030552e+00 -9.164999999999999147e+01
4.069001717045599875e+00 -8.827500000000000568e+01
2.880813592280791369e+00 -7.746666666666666856e+01
4.741663622514662002e+00 -9.033333333333332860e+01
4.404457393046748770e+00 -8.990000000000000568e+01
4.658097292565206438e+00 -9.025000000000000000e+01
3.991624734534005459e+00 -8.529999999999999716e+01
4.594966809551275233e+00 -9.023333333333333428e+01
4.872767934706478954e+00 -9.131666666666666288e+01
2.947433721887050773e+00 -8.257500000000000284e+01
3.213252052196396757e+00 -8.423333333333333428e+01
4.764370437566760152e+00 -9.090000000000000568e+01
4.797606809070327216e+00 -9.123333333333333428e+01
2.491361693834272639e+00 -7.042500000000001137e+01
2.723455672035185682e+00 -7.480833333333333712e+01
3.196728722623286778e+00 -8.386666666666667425e+01
2.518513939877887520e+00 -7.207500000000000284e+01
