6.400318455470650036e+00 -9.245833333333332860e+01
4.398911740377849711e+00 -8.950833333333333997e+01
4.422819564523277514e+00 -8.990833333333333144e+01
4.972892161799043365e+00 -9.135833333333333428e+01
5.635207198176030552e+00 -9.164999999999999147e+01
4.069001717045599875e+00 -8.827500000000000568e+01
4.404457393046748770e+00 -8.990000000000000568e+01
3.991624734534005459e+00 -8.529999999999999716e+01
4.594966809551275233e+00 -9.023333333333333428e+01
4.872767934706478954e+00 -9.131666666666666288e+01
2.947433721887050773e+00 -8.257500000000000284e+01
3.213252052196396757e+00 -8.423333333333333428e+01
4.764370437566760152e+00 -9.090000000000000568e+01
4.797606809070327216e+00 -9.123333333333333428e+01
2.527629900871338542e+00 -7.576666666666666572e+01
4.689717205865221672e+00 -9.082500000000000284e+01
2.773054693364262580e+00 -7.813333333333332575e+01
3.196728722623286778e+00 -8.395833333333332860e+01
2.491361693834272639e+00 -7.250000000000000000e+01
3.023252459633711364e+00 -8.387500000000000000e+01
4.761604627129412570e+00 -9.088333333333333997e+01
2.658964842664435224e+00 -7.676666666666666572e+01
4.253289532254801664e+00 -8.914999999999999147e+01
2.763427993562937335e+00 -7.697500000000000853e+01
4.112269768417270654e+00 -8.847500000000000853e+01
4.648447836938990996e+00 -9.034166666666666856e+01
4.202406572639379334e+00 -8.896666666666666856e+01
