6.400318455470650036e+00 -9.245833333333332860e+01
2.947433721887050773e+00 -8.257500000000000284e+01
2.527629900871338542e+00 -7.576666666666666572e+01
3.023252459633711364e+00 -8.387500000000000000e+01
3.086359830674748395e+00 -8.472499999999999432e+01
2.799340549453581684e+00 -7.983333333333332860e+01
2.752816431188271462e+00 -7.850000000000000000e+01
2.845718017966658575e+00 -8.204166666666667140e+01
5.205022918754099948e+00 -9.192499999999999716e+01
2.773054693364262580e+00 -7.973333333333333428e+01
4.065392961561991925e+00 -9.003333333333333144e+01
5.085222770182822316e+00 -9.147499999999999432e+01
2.491361693834272639e+00 -7.477500000000000568e+01
2.983175072037813180e+00 -8.265000000000000568e+01
5.693034515113187588e+00 -9.217499999999999716e+01
2.451786435524290209e+00 -7.196666666666666856e+01
2.720985744153739283e+00 -7.810000000000000853e+01
4.853229602254919506e+00 -9.144166666666666288e+01
4.730943693427735575e+00 -9.125000000000000000e+01
2.561101383649055929e+00 -7.729999999999999716e+01
2.810904280668700572e+00 -8.110000000000000853e+01
4.679509659842540081e+00 -9.095000000000000284e+01
3.669502834104342970e+00 -8.634166666666666856e+01
5.165956187202986882e+00 -9.176666666666666572e+01
3.141449773400467382e+00 -8.552499999999999147e+01
5.089315058927046387e+00 -9.160000000000000853e+01
4.797606809070327216e+00 -9.142499999999999716e+01
4.771594829287477246e+00 -9.126666666666666572e+01
4.195982630688358306e+00 -9.089166666666666572e+01
2.621176281775035033e+00 -7.794166666666666288e+01
3.686457510469111742e+00 -8.856666666666667709e+01
4.022222104507705787e+00 -8.899166666666667425e+01
2.408239965311849584e+00 -6.459166666666666856e+01
