6.400318455470650036e+00 -9.245833333333332860e+01
2.947433721887050773e+00 -8.257500000000000284e+01
2.527629900871338542e+00 -7.576666666666666572e+01
4.689717205865221672e+00 -9.082500000000000284e+01
3.023252459633711364e+00 -8.387500000000000000e+01
4.651539675135214047e+00 -9.064999999999999147e+01
5.096301574727147177e+00 -9.154999999999999716e+01
3.775610448006360809e+00 -8.516666666666667140e+01
3.086359830674748395e+00 -8.472499999999999432e+01
2.799340549453581684e+00 -7.983333333333332860e+01
2.752816431188271462e+00 -7.850000000000000000e+01
4.744863841958642858e+00 -9.114999999999999147e+01
3.916401303603875839e+00 -8.732500000000000284e+01
2.642464520242121306e+00 -7.752500000000000568e+01
2.845718017966658575e+00 -8.204166666666667140e+01
5.205022918754099948e+00 -9.192499999999999716e+01
2.773054693364262580e+00 -7.973333333333333428e+01
4.020071103533841672e+00 -8.775833333333333997e+01
4.065392961561991925e+00 -9.003333333333333144e+01
5.085222770182822316e+00 -9.147499999999999432e+01
2.491361693834272639e+00 -7.477500000000000568e+01
4.797606809070327216e+00 -9.137500000000000000e+01
4.262189959913005310e+00 -9.040000000000000568e+01
4.312896352191705418e+00 -9.045000000000000284e+01
3.860278099752235015e+00 -8.725000000000000000e+01
2.983175072037813180e+00 -8.265000000000000568e+01
5.693034515113187588e+00 -9.217499999999999716e+01
2.408239965311849584e+00 -6.364166666666666572e+01
4.195982630688358306e+00 -9.024166666666666003e+01
3.749968083509402916e+00 -8.485833333333333428e+01
2.451786435524290209e+00 -7.179166666666667140e+01
