6.400318455470650036e+00 -9.245833333333332860e+01
4.972892161799043365e+00 -9.135833333333333428e+01
4.069001717045599875e+00 -8.827500000000000568e+01
4.872767934706478954e+00 -9.131666666666666288e+01
2.947433721887050773e+00 -8.257500000000000284e+01
4.797606809070327216e+00 -9.123333333333333428e+01
2.527629900871338542e+00 -7.576666666666666572e+01
4.689717205865221672e+00 -9.082500000000000284e+01
3.023252459633711364e+00 -8.387500000000000000e+01
4.651539675135214047e+00 -9.064999999999999147e+01
5.096301574727147177e+00 -9.154999999999999716e+01
3.775610448006360809e+00 -8.516666666666667140e+01
2.773054693364262580e+00 -7.881666666666666288e+01
4.613048589725130988e+00 -9.041666666666667140e+01
4.477830023702876083e+00 -9.032500000000000284e+01
3.086359830674748395e+00 -8.472499999999999432e+01
4.209327315878065079e+00 -8.940000000000000568e+01
4.115477374186468751e+00 -8.869166666666666288e+01
2.799340549453581684e+00 -7.983333333333332860e+01
2.752816431188271462e+00 -7.850000000000000000e+01
4.106870544478653962e+00 -8.850833333333333997e+01
2.491361693834272639e+00 -7.272499999999999432e+01
4.744863841958642858e+00 -9.114999999999999147e+01
4.209085869762748011e+00 -8.927500000000000568e+01
5.576816855370587689e+00 -9.173333333333333428e+01
3.916401303603875839e+00 -8.732500000000000284e+01
2.642464520242121306e+00 -7.752500000000000568e+01
4.262189959913005310e+00 -9.023333333333333428e+01
4.839685403333702673e+00 -9.126666666666666572e+01
3.896856772737204544e+00 -8.652499999999999147e+01
4.107549129744686667e+00 -8.858333333333334281e+01
4.202406572639379334e+00 -8.922499999999999432e+01
2.845718017966658575e+00 -8.204166666666667140e+01
2.451786435524290209e+00 -9.733333333333332504e+00
