6.306261358842921716e+00 -9.139166666666666572e+01
6.251958531335536584e+00 -9.129999999999999716e+01
3.762903528499057071e+00 -8.115833333333333144e+01
6.400318455470650036e+00 -9.245833333333332860e+01
4.791830947674836416e+00 -8.993333333333333712e+01
5.125695920028656261e+00 -9.125833333333332575e+01
4.136498608156698786e+00 -8.629166666666667140e+01
3.565847818673517633e+00 -7.834999999999999432e+01
6.146425115555827823e+00 -9.129166666666667140e+01
4.223495940962394890e+00 -8.870000000000000284e+01
4.398911740377849711e+00 -8.950833333333333997e+01
3.514680544124981765e+00 -7.695000000000000284e+01
2.787460474518415054e+00 -6.886666666666666003e+01
4.981070741621866027e+00 -9.045833333333332860e+01
4.824880472650130869e+00 -9.000833333333333997e+01
4.122445256281955572e+00 -8.526666666666666572e+01
4.316075234838397279e+00 -8.892499999999999716e+01
5.027907918647246177e+00 -9.075000000000000000e+01
2.819543935541868773e+00 -7.685833333333333428e+01
2.596597095626460128e+00 -6.493333333333333712e+01
