4.269685490131378174e+02 2.658358245266253661e+01
1.363537026643753052e+03 1.918432136407920439e+02
1.459299887657165527e+03 1.918432136407920439e+02
4.420383101463317871e+03 1.918432136407920439e+02
6.844570364236831665e+03 1.918432136407920439e+02
9.247809184789657593e+03 1.955157565188215187e+02
9.677560185670852661e+03 1.955157565188215187e+02
1.061563146114349365e+04 2.110723821543165286e+02
1.071152679634094238e+04 2.128429487070325763e+02
1.313483855390548706e+04 2.128429487070325763e+02
1.555453649306297302e+04 2.139573599232401193e+02
1.797115344953536987e+04 2.139573599232401193e+02
1.839651912999153137e+04 2.139573599232401193e+02
1.917764239692687988e+04 2.139573599232401193e+02
1.985212902140617371e+04 2.139573599232401193e+02
2.228194540691375732e+04 2.143515291044789421e+02
2.470126230645179749e+04 2.143515291044789421e+02
2.711584242391586304e+04 2.143515291044789421e+02
2.718245597362518311e+04 2.351469025931606893e+02
2.796915620255470276e+04 2.351469025931606893e+02
2.802451406764984131e+04 2.351469025931606893e+02
3.044616919255256653e+04 2.351469025931606893e+02
3.067994295549392700e+04 2.351469025931606893e+02
3.096632600021362305e+04 2.366532055001623860e+02
3.104295137286186218e+04 2.369891446929570407e+02
3.172692998147010803e+04 2.369891446929570407e+02
3.181872570085525513e+04 2.369891446929570407e+02
3.210988342404365540e+04 2.372755659478757195e+02
3.246322317743301392e+04 2.377157774506250405e+02
3.275404597783088684e+04 2.377157774506250405e+02
3.281118167424201965e+04 2.377157774506250405e+02
3.375924334812164307e+04 2.377157774506250405e+02
3.387767188906669617e+04 2.377157774506250405e+02
3.417573702001571655e+04 2.378916870606272198e+02
3.454356055307388306e+04 2.378916870606272198e+02
3.497381889295578003e+04 2.378916870606272198e+02
3.504225506258010864e+04 2.379219323082048732e+02
3.526560552215576172e+04 2.379791941470127483e+02
3.537156175088882446e+04 2.379791941470127483e+02
3.559585620069503784e+04 2.415946823096358287e+02
3.588289857268333435e+04 2.415946823096358287e+02
3.606513180780410767e+04 2.501174995663293146e+02
3.684250423622131348e+04 2.501174995663293146e+02
3.707920893120765686e+04 2.501623937238634880e+02
3.759863212680816650e+04 2.501623937238634880e+02
3.797390575838088989e+04 2.515335743437855456e+02
3.811163150405883789e+04 2.515335743437855456e+02
3.838691910219192505e+04 2.515335743437855456e+02
3.842882715010643005e+04 2.530770163438299676e+02
3.937958223605155945e+04 2.531909586502096943e+02
3.980580274438858032e+04 2.531909586502096943e+02
3.995843002247810364e+04 2.531909586502096943e+02
4.015838911080360413e+04 2.531909586502096943e+02
4.037687108492851257e+04 2.541665327310278713e+02
4.046851875829696655e+04 2.541665327310278713e+02
4.050515305352210999e+04 2.543669466738042502e+02
4.102422452473640442e+04 2.543669466738042502e+02
4.114972982835769653e+04 2.543669466738042502e+02
4.140645202112197876e+04 2.543669466738042502e+02
4.167951224136352539e+04 2.543669466738042502e+02
4.172605430221557617e+04 2.545715050217966109e+02
4.176249228167533875e+04 2.700194103661781924e+02
4.228147264885902405e+04 2.764433686016483307e+02
4.248013224124908447e+04 2.764433686016483307e+02
4.300966085362434387e+04 2.764433686016483307e+02
4.422182567429542542e+04 2.764433686016483307e+02
4.453802745556831360e+04 2.765628340419848996e+02
4.457467926645278931e+04 2.765628340419848996e+02
4.509254455280303955e+04 2.765628340419848996e+02
4.528181721067428589e+04 2.765628340419848996e+02
4.540101816153526306e+04 2.765628340419848996e+02
4.585225056838989258e+04 2.765628340419848996e+02
4.616808829116821289e+04 2.765628340419848996e+02
4.621102946066856384e+04 2.853210848599151177e+02
4.629677506494522095e+04 2.853210848599151177e+02
5.112646081542968750e+04 2.853210848599151177e+02
5.149631766486167908e+04 2.853210848599151177e+02
5.167509820151329041e+04 2.857245634767228921e+02
5.200786417341232300e+04 2.858272609862863192e+02
5.214747930407524109e+04 2.859856963361559110e+02
5.222041717839241028e+04 2.859856963361559110e+02
5.253605735516548157e+04 2.860121903833369288e+02
5.278660744643211365e+04 2.860492723021757229e+02
5.305298312211036682e+04 2.860492723021757229e+02
5.337034515619277954e+04 2.860492723021757229e+02
5.341473530769348145e+04 2.860572756393472105e+02
5.345405036950111389e+04 2.982829136115688016e+02
5.493063298201560974e+04 2.982829136115688016e+02
5.517649516344070435e+04 2.982829136115688016e+02
5.533885530900955200e+04 2.986473068388571050e+02
5.538593892121315002e+04 2.986477984342455443e+02
5.550041508007049561e+04 2.990323821020605806e+02
5.553562541460990906e+04 2.990398300231754547e+02
5.577753433156013489e+04 2.990398300231754547e+02
5.591636592483520508e+04 2.990561359825337036e+02
5.609423741531372070e+04 2.990561359825337036e+02
5.635090059900283813e+04 2.990930132531785830e+02
5.638741858458518982e+04 2.992330310679785157e+02
5.643097347116470337e+04 2.994429436162519096e+02
5.763101427388191223e+04 2.994498427719322535e+02
5.780671259546279907e+04 2.994498427719322535e+02
5.793569183158874512e+04 2.994498427719322535e+02
5.819138903832435608e+04 2.994498427719322535e+02
5.830349521851539612e+04 2.997027395136041150e+02
5.842497435212135315e+04 2.997686983339058884e+02
5.863568695592880249e+04 2.997686983339058884e+02
5.878464787745475769e+04 2.997686983339058884e+02
5.901223459625244141e+04 2.997686983339058884e+02
5.932312751579284668e+04 2.997686983339058884e+02
5.944162143516540527e+04 3.002052536208320817e+02
5.951541486525535583e+04 3.002053869808484592e+02
5.965412424206733704e+04 3.002391796075201000e+02
5.983185167574882507e+04 3.002662422282334092e+02
5.997086682844161987e+04 3.002690979580150383e+02
6.040220776939392090e+04 3.002690979580150383e+02
6.048043051290512085e+04 3.003010125807355735e+02
6.079124834513664246e+04 3.003010125807355735e+02
6.107116257095336914e+04 3.003478252125573817e+02
6.121319318795204163e+04 3.003478252125573817e+02
6.138814683985710144e+04 3.003832843211043269e+02
6.164783822870254517e+04 3.003849145038056463e+02
6.174545857858657837e+04 3.003849145038056463e+02
6.205360256981849670e+04 3.003849145038056463e+02
6.219254695653915405e+04 3.003849145038056463e+02
6.288234319519996643e+04 3.006528703215346923e+02
6.301659615349769592e+04 3.006528703215346923e+02
6.332959039711952209e+04 3.006528703215346923e+02
6.340396779584884644e+04 3.006537361577601928e+02
6.354723475909233093e+04 3.006537361577601928e+02
6.407996750187873840e+04 3.006537361577601928e+02
6.421917511391639709e+04 3.006537361577601928e+02
6.438409978342056274e+04 3.006537361577601928e+02
6.446132827901840210e+04 3.007561580134788528e+02
6.455208949279785156e+04 3.007561580134788528e+02
6.467143974399566650e+04 3.032610941541005900e+02
6.478436699366569519e+04 3.034056091250472491e+02
6.493708341193199158e+04 3.034056091250472491e+02
6.505435741209983826e+04 3.034056091250472491e+02
6.512878606915473938e+04 3.035524510155271400e+02
6.524848662972450256e+04 3.035524510155271400e+02
6.532507543110847473e+04 3.046597399415109635e+02
6.559292466163635254e+04 3.046597399415109635e+02
6.570891605663299561e+04 3.046604235803700931e+02
6.596985335445404053e+04 3.046604235803700931e+02
6.605906544423103333e+04 3.046604235803700931e+02
6.617860022687911987e+04 3.046604235803700931e+02
6.626639068174362183e+04 3.046604235803700931e+02
6.638244419598579407e+04 3.046604235803700931e+02
6.648506082034111023e+04 3.047530609975872835e+02
6.660140299844741821e+04 3.047530609975872835e+02
6.669056195998191833e+04 3.047530609975872835e+02
6.678789804482460022e+04 3.047530609975872835e+02
6.686066858673095703e+04 3.047530609975872835e+02
6.715194796013832092e+04 3.047530609975872835e+02
6.737341118049621582e+04 3.047530609975872835e+02
6.767058829665184021e+04 3.047530609975872835e+02
6.773817649769783020e+04 3.072228156663561549e+02
6.786565409827232361e+04 3.072228156663561549e+02
6.795467285633087158e+04 3.072228156663561549e+02
6.824696284413337708e+04 3.072228156663561549e+02
6.854535511350631714e+04 3.072228156663561549e+02
6.868074665069580078e+04 3.072228156663561549e+02
6.874749718475341797e+04 3.072228156663561549e+02
6.887407998251914978e+04 3.072228156663561549e+02
6.894937117218971252e+04 3.072228156663561549e+02
6.914054941320419312e+04 3.072276160897222326e+02
6.993931339573860168e+04 3.072276160897222326e+02
7.024037226200103760e+04 3.072276160897222326e+02
7.030674374413490295e+04 3.072276160897222326e+02
7.042468471217155457e+04 3.072276160897222326e+02
7.051429564785957336e+04 3.072276160897222326e+02
7.086113877797126770e+04 3.072276160897222326e+02
7.116582508969306946e+04 3.072276160897222326e+02
7.127857798767089844e+04 3.072276160897222326e+02
7.134242735600471497e+04 3.072453562416663431e+02
7.146030473518371582e+04 3.072453562416663431e+02
7.154951221609115601e+04 3.074276980998913587e+02
7.184584471225738525e+04 3.074276980998913587e+02
7.195071853685379028e+04 3.074276980998913587e+02
7.224913790082931519e+04 3.074276980998913587e+02
7.235339448595046997e+04 3.074276980998913587e+02
7.244322832989692688e+04 3.074276980998913587e+02
7.251855364537239075e+04 3.074276980998913587e+02
7.262247178339958191e+04 3.074276980998913587e+02
7.341524658751487732e+04 3.074276980998913587e+02
7.352069751620292664e+04 3.074379680426173991e+02
7.358672935509681702e+04 3.075752091042797929e+02
7.369117347908020020e+04 3.075752091042797929e+02
7.375107554483413696e+04 3.075752091042797929e+02
7.405182857704162598e+04 3.075752091042797929e+02
7.437047903728485107e+04 3.075752091042797929e+02
7.466754374670982361e+04 3.075752091042797929e+02
7.472586147379875183e+04 3.075752091042797929e+02
7.484108493351936340e+04 3.075752091042797929e+02
7.492998645019531250e+04 3.075752091042797929e+02
7.521623841190338135e+04 3.076160799411528615e+02
7.535215777397155762e+04 3.076160799411528615e+02
7.546131473708152771e+04 3.077270643126005325e+02
7.553001447963714600e+04 3.077270643126005325e+02
7.564338371109962463e+04 3.077270643126005325e+02
7.573365379214286804e+04 3.077365635288102794e+02
7.592889438652992249e+04 3.077365635288102794e+02
7.602516310262680054e+04 3.077766080483002042e+02
7.639408452725410461e+04 3.077766080483002042e+02
7.646834403133392334e+04 3.077766080483002042e+02
7.658624925470352173e+04 3.077766080483002042e+02
7.667420427536964417e+04 3.077766080483002042e+02
7.678923473119735718e+04 3.077766080483002042e+02
7.692653392887115479e+04 3.077766080483002042e+02
7.720777290034294128e+04 3.077766080483002042e+02
7.726820582246780396e+04 3.077766080483002042e+02
7.736426448845863342e+04 3.078709446854545035e+02
7.745524566054344177e+04 3.078805676400833704e+02
7.768102581191062927e+04 3.078964707728985672e+02
7.781389325833320618e+04 3.078964707728985672e+02
7.811520687890052795e+04 3.079101766205421882e+02
7.818121020650863647e+04 3.080453655940646058e+02
7.829794370222091675e+04 3.080453655940646058e+02
7.838735423827171326e+04 3.080453655940646058e+02
7.856892498564720154e+04 3.080995457576701710e+02
7.869019293522834778e+04 3.080995457576701710e+02
7.887216419601440430e+04 3.080995457576701710e+02
7.893459758877754211e+04 3.080995457576701710e+02
7.902861215543746948e+04 3.080995457576701710e+02
7.908708653354644775e+04 3.080995457576701710e+02
