6.249556655418589735e+00 -9.227499999999999147e+01
5.319241429775062535e+00 -9.135833333333333428e+01
6.973024904366117660e+00 -9.237500000000000000e+01
6.072929674211485995e+00 -9.205833333333333712e+01
4.728873001369515272e+00 -8.509999999999999432e+01
4.887138862922714821e+00 -8.854999999999999716e+01
4.982393361189137337e+00 -8.992499999999999716e+01
4.728783804709457250e+00 -8.350000000000000000e+01
4.813240624528349443e+00 -8.537500000000000000e+01
5.266502164269239117e+00 -9.104999999999999716e+01
4.817922177315222321e+00 -8.756666666666667709e+01
5.590557634339340609e+00 -9.191666666666667140e+01
4.957305522351727056e+00 -8.882500000000000284e+01
