6.249556655418589735e+00 -9.227499999999999147e+01
6.973024904366117660e+00 -9.237500000000000000e+01
5.590557634339340609e+00 -9.191666666666667140e+01
4.930796262983299982e+00 -9.154166666666667140e+01
5.940578238014167844e+00 -9.220000000000000284e+01
6.995165683516195720e+00 -9.264166666666666572e+01
4.864813557920583342e+00 -9.138333333333333997e+01
4.818746998242433577e+00 -9.109166666666666856e+01
4.776955295365520549e+00 -8.978333333333333144e+01
5.446544933357598595e+00 -9.157499999999998863e+01
4.697019993764627976e+00 -8.854999999999999716e+01
4.712422395039652656e+00 -8.918333333333333712e+01
4.655176866250892331e+00 -8.784999999999999432e+01
