3.476518024684573049e+01 6.628902673721313477e+00 1.000000000000000000e+00
3.476518024684573049e+01 4.969561100006103516e-01 2.000000000000000000e+00
4.217008111222220634e+01 1.624402999877929688e-01 3.000000000000000000e+00
4.624277658817926806e+01 4.639987945556640625e-01 4.000000000000000000e+00
4.624277658817926806e+01 6.341040611267089844e+00 5.000000000000000000e+00
4.722484914461326611e+01 7.416541814804077148e+00 6.000000000000000000e+00
4.722484914461326611e+01 1.208175897598266602e+00 7.000000000000000000e+00
4.739133153983004831e+01 2.560912847518920898e+00 8.000000000000000000e+00
4.785278777220166546e+01 1.936938762664794922e-01 9.000000000000000000e+00
4.785278777220166546e+01 3.450059890747070312e+00 1.000000000000000000e+01
4.785278777220166546e+01 4.719021320343017578e-01 1.100000000000000000e+01
4.785278777220166546e+01 6.944810867309570312e+00 1.200000000000000000e+01
4.785278777220166546e+01 9.356534481048583984e-01 1.300000000000000000e+01
4.874978569380911608e+01 3.485822439193725586e+00 1.400000000000000000e+01
5.022373111480028740e+01 1.883478164672851562e-01 1.500000000000000000e+01
8.067968806748851307e+01 2.230246853828430176e+01 1.600000000000000000e+01
8.067968806748851307e+01 7.127003431320190430e+00 1.700000000000000000e+01
8.067968806748851307e+01 6.102142333984375000e-01 1.800000000000000000e+01
8.067968806748851307e+01 2.010126113891601562e-01 1.900000000000000000e+01
8.067968806748851307e+01 2.190861701965332031e-01 2.000000000000000000e+01
8.067968806748851307e+01 1.742866039276123047e-01 2.100000000000000000e+01
8.067968806748851307e+01 4.495318889617919922e+00 2.200000000000000000e+01
8.067968806748851307e+01 4.764902591705322266e-01 2.300000000000000000e+01
8.067968806748851307e+01 1.431207895278930664e+00 2.400000000000000000e+01
8.067968806748851307e+01 8.025617599487304688e-01 2.500000000000000000e+01
8.067968806748851307e+01 3.568017482757568359e-01 2.600000000000000000e+01
8.067968806748851307e+01 1.551461219787597656e-01 2.700000000000000000e+01
8.067968806748851307e+01 5.716624259948730469e-01 2.800000000000000000e+01
1.011051040623218995e+02 9.419313430786132812e+00 2.900000000000000000e+01
1.176277455088669939e+02 1.813417053222656250e+01 3.000000000000000000e+01
1.176277455088669939e+02 7.877975463867187500e+00 3.100000000000000000e+01
1.196986896734851484e+02 5.862755060195922852e+00 3.200000000000000000e+01
1.196986896734851484e+02 1.544010639190673828e-01 3.300000000000000000e+01
1.196986896734851484e+02 4.951620101928710938e-01 3.400000000000000000e+01
1.196986896734851484e+02 4.872090816497802734e-01 3.500000000000000000e+01
1.196986896734851484e+02 1.482728934288024902e+01 3.600000000000000000e+01
1.196986896734851484e+02 1.831042766571044922e-01 3.700000000000000000e+01
1.214866398407403949e+02 5.676608562469482422e+00 3.800000000000000000e+01
1.214866398407403949e+02 1.154780387878417969e+00 3.900000000000000000e+01
1.214866398407403949e+02 2.517357778549194336e+01 4.000000000000000000e+01
1.224972538434914497e+02 5.192869949340820312e+01 4.100000000000000000e+01
1.255707100687995847e+02 5.259788489341735840e+01 4.200000000000000000e+01
1.255707100687995847e+02 1.821491479873657227e+00 4.300000000000000000e+01
1.255707100687995847e+02 2.679998874664306641e-01 4.400000000000000000e+01
1.255707100687995847e+02 1.815040111541748047e-01 4.500000000000000000e+01
1.255707100687995847e+02 8.519255638122558594e+00 4.600000000000000000e+01
1.255707100687995847e+02 2.329426765441894531e+00 4.700000000000000000e+01
1.262293436955921777e+02 1.436381173133850098e+01 4.800000000000000000e+01
1.262293436955921777e+02 1.419699454307556152e+01 4.900000000000000000e+01
1.262293436955921777e+02 6.488149642944335938e+00 5.000000000000000000e+01
1.262293436955921777e+02 2.497808933258056641e-01 5.100000000000000000e+01
1.278313313687875592e+02 1.686710119247436523e+01 5.200000000000000000e+01
1.278342426438165802e+02 1.808128070831298828e+01 5.300000000000000000e+01
1.282168412940327471e+02 1.349039101600646973e+01 5.400000000000000000e+01
1.282168412940327471e+02 2.058509254455566406e+01 5.500000000000000000e+01
1.282168412940327471e+02 1.611454486846923828e-01 5.600000000000000000e+01
1.282168412940327471e+02 2.387447357177734375e-01 5.700000000000000000e+01
1.287379558913851554e+02 1.792830371856689453e+01 5.800000000000000000e+01
1.287379558913851554e+02 1.273233938217163086e+01 5.900000000000000000e+01
1.287379558913851554e+02 1.805056214332580566e+01 6.000000000000000000e+01
1.287379558913851554e+02 2.064905691146850586e+01 6.100000000000000000e+01
1.287379558913851554e+02 8.974351167678833008e+00 6.200000000000000000e+01
1.287379558913851554e+02 1.456451416015625000e-01 6.300000000000000000e+01
1.287379558913851554e+02 1.431711387634277344e+01 6.400000000000000000e+01
1.363585455489419473e+02 2.134397816658020020e+01 6.500000000000000000e+01
1.420700262786413930e+02 1.426727294921875000e+01 6.600000000000000000e+01
1.420700262786413930e+02 6.999685525894165039e+00 6.700000000000000000e+01
1.420700262786413930e+02 8.701662302017211914e+00 6.800000000000000000e+01
1.420700262786413930e+02 6.950541496276855469e+00 6.900000000000000000e+01
1.420700262786413930e+02 2.491007447242736816e+01 7.000000000000000000e+01
1.420700262786413930e+02 2.521385622024536133e+01 7.100000000000000000e+01
1.420700262786413930e+02 2.506679272651672363e+01 7.200000000000000000e+01
1.420700262786413930e+02 1.717326354980468750e+01 7.300000000000000000e+01
1.420700262786413930e+02 6.831422567367553711e+00 7.400000000000000000e+01
1.420700262786413930e+02 3.189946651458740234e+00 7.500000000000000000e+01
1.420700262786413930e+02 1.108341431617736816e+01 7.600000000000000000e+01
1.420700262786413930e+02 1.144656324386596680e+01 7.700000000000000000e+01
1.420700262786413930e+02 2.751241159439086914e+01 7.800000000000000000e+01
1.420700262786413930e+02 2.107146525382995605e+01 7.900000000000000000e+01
1.420700262786413930e+02 3.274511575698852539e+00 8.000000000000000000e+01
1.420700262786413930e+02 2.247264266014099121e+01 8.100000000000000000e+01
1.420700262786413930e+02 1.603908681869506836e+01 8.200000000000000000e+01
1.420700262786413930e+02 1.640059709548950195e+00 8.300000000000000000e+01
1.420700262786413930e+02 2.118437600135803223e+01 8.400000000000000000e+01
1.420700262786413930e+02 1.423125100135803223e+01 8.500000000000000000e+01
1.420700262786413930e+02 4.009627342224121094e+00 8.600000000000000000e+01
1.420700262786413930e+02 4.747509717941284180e+00 8.700000000000000000e+01
1.420700262786413930e+02 7.366426944732666016e+00 8.800000000000000000e+01
1.420700262786413930e+02 2.124151730537414551e+01 8.900000000000000000e+01
1.420700262786413930e+02 1.802344155311584473e+01 9.000000000000000000e+01
1.420700262786413930e+02 8.095198869705200195e+00 9.100000000000000000e+01
1.420700262786413930e+02 2.055883479118347168e+01 9.200000000000000000e+01
1.420700262786413930e+02 1.517621827125549316e+01 9.300000000000000000e+01
1.420700262786413930e+02 2.693105745315551758e+01 9.400000000000000000e+01
1.420700262786413930e+02 1.308998918533325195e+01 9.500000000000000000e+01
1.420700262786413930e+02 2.069584941864013672e+01 9.600000000000000000e+01
1.420700262786413930e+02 2.748015165328979492e+00 9.700000000000000000e+01
1.420700262786413930e+02 6.031708002090454102e+00 9.800000000000000000e+01
1.420700262786413930e+02 6.953402757644653320e+00 9.900000000000000000e+01
1.420700262786413930e+02 2.024759793281555176e+01 1.000000000000000000e+02
1.420700262786413930e+02 1.814927434921264648e+01 1.010000000000000000e+02
1.420700262786413930e+02 2.050769591331481934e+01 1.020000000000000000e+02
1.420700262786413930e+02 1.723457407951354980e+01 1.030000000000000000e+02
1.420700262786413930e+02 6.526862144470214844e+00 1.040000000000000000e+02
1.420700262786413930e+02 4.687855243682861328e+00 1.050000000000000000e+02
1.420700262786413930e+02 1.203504204750061035e+01 1.060000000000000000e+02
1.420700262786413930e+02 2.122538733482360840e+01 1.070000000000000000e+02
1.420700262786413930e+02 3.144716382026672363e+01 1.080000000000000000e+02
1.420700262786413930e+02 1.659379649162292480e+01 1.090000000000000000e+02
1.420700262786413930e+02 3.599384307861328125e+00 1.100000000000000000e+02
1.420700262786413930e+02 5.258527517318725586e+00 1.110000000000000000e+02
1.420700262786413930e+02 8.756947994232177734e+00 1.120000000000000000e+02
1.420700262786413930e+02 2.134948253631591797e+01 1.130000000000000000e+02
1.420700262786413930e+02 2.624948263168334961e+01 1.140000000000000000e+02
1.420700262786413930e+02 1.679168844223022461e+01 1.150000000000000000e+02
1.420700262786413930e+02 6.121686220169067383e+00 1.160000000000000000e+02
1.420700262786413930e+02 2.329668521881103516e+00 1.170000000000000000e+02
1.422356524226756278e+02 6.500522565841674805e+01 1.180000000000000000e+02
1.422356524226756278e+02 1.438221669197082520e+01 1.190000000000000000e+02
1.422356524226756278e+02 1.808588457107543945e+01 1.200000000000000000e+02
1.422356524226756278e+02 1.703414106369018555e+01 1.210000000000000000e+02
1.422356524226756278e+02 4.690436840057373047e+00 1.220000000000000000e+02
1.422356524226756278e+02 4.711196184158325195e+00 1.230000000000000000e+02
1.422356524226756278e+02 4.407973933219909668e+01 1.240000000000000000e+02
1.422356524226756278e+02 2.020188164710998535e+01 1.250000000000000000e+02
1.422356524226756278e+02 1.808395290374755859e+01 1.260000000000000000e+02
1.422356524226756278e+02 1.426908659934997559e+01 1.270000000000000000e+02
1.422356524226756278e+02 4.463303327560424805e+00 1.280000000000000000e+02
1.422356524226756278e+02 2.860191345214843750e+00 1.290000000000000000e+02
1.430718732317865829e+02 2.072456669807434082e+01 1.300000000000000000e+02
1.430718732317865829e+02 2.553835821151733398e+01 1.310000000000000000e+02
1.430718732317865829e+02 2.049449348449707031e+01 1.320000000000000000e+02
1.430718732317865829e+02 2.203415989875793457e+01 1.330000000000000000e+02
1.430718732317865829e+02 2.752391815185546875e+00 1.340000000000000000e+02
1.430718732317865829e+02 8.445322751998901367e+00 1.350000000000000000e+02
1.430718732317865829e+02 1.426697325706481934e+01 1.360000000000000000e+02
1.430718732317865829e+02 2.389898419380187988e+01 1.370000000000000000e+02
1.430718732317865829e+02 1.369570398330688477e+01 1.380000000000000000e+02
1.430718732317865829e+02 1.434324097633361816e+01 1.390000000000000000e+02
1.430718732317865829e+02 5.243801593780517578e+00 1.400000000000000000e+02
1.430718732317865829e+02 5.171157121658325195e+00 1.410000000000000000e+02
1.430718732317865829e+02 3.076752638816833496e+01 1.420000000000000000e+02
1.430718732317865829e+02 1.425258445739746094e+01 1.430000000000000000e+02
1.465222900941653279e+02 2.983298063278198242e+01 1.440000000000000000e+02
1.465222900941653279e+02 2.066434097290039062e+01 1.450000000000000000e+02
1.465222900941653279e+02 1.067190647125244141e+00 1.460000000000000000e+02
1.465222900941653279e+02 1.636649107933044434e+01 1.470000000000000000e+02
1.487235647208252090e+02 6.252928686141967773e+01 1.480000000000000000e+02
1.487235647208252090e+02 2.100876760482788086e+01 1.490000000000000000e+02
1.487235647208252090e+02 6.290126514434814453e+01 1.500000000000000000e+02
1.487235647208252090e+02 2.021353483200073242e+01 1.510000000000000000e+02
1.487235647208252090e+02 5.236264705657958984e+00 1.520000000000000000e+02
1.487235647208252090e+02 3.973358392715454102e+00 1.530000000000000000e+02
1.487235647208252090e+02 2.669493460655212402e+01 1.540000000000000000e+02
1.487235647208252090e+02 9.375835657119750977e+00 1.550000000000000000e+02
1.487235647208252090e+02 2.027285361289978027e+01 1.560000000000000000e+02
1.487235647208252090e+02 2.168961954116821289e+01 1.570000000000000000e+02
1.487235647208252090e+02 1.009269022941589355e+01 1.580000000000000000e+02
1.487235647208252090e+02 4.686088562011718750e+00 1.590000000000000000e+02
1.487235647208252090e+02 5.214924311637878418e+01 1.600000000000000000e+02
1.487235647208252090e+02 2.129844832420349121e+01 1.610000000000000000e+02
1.487235647208252090e+02 8.159389495849609375e-01 1.620000000000000000e+02
1.487235647208252090e+02 3.100571393966674805e+00 1.630000000000000000e+02
1.487235647208252090e+02 8.750126123428344727e+00 1.640000000000000000e+02
1.487235647208252090e+02 4.779833793640136719e+00 1.650000000000000000e+02
1.487235647208252090e+02 2.101769304275512695e+01 1.660000000000000000e+02
1.487235647208252090e+02 2.517523169517517090e+01 1.670000000000000000e+02
1.487235647208252090e+02 2.097318863868713379e+01 1.680000000000000000e+02
1.487235647208252090e+02 2.061696290969848633e+01 1.690000000000000000e+02
1.487235647208252090e+02 1.011639261245727539e+01 1.700000000000000000e+02
1.487235647208252090e+02 4.612859010696411133e+00 1.710000000000000000e+02
1.504009276027805981e+02 5.198764634132385254e+01 1.720000000000000000e+02
1.504009276027805981e+02 2.097814488410949707e+01 1.730000000000000000e+02
1.504009276027805981e+02 4.340425610542297363e+01 1.740000000000000000e+02
1.504009276027805981e+02 1.629829192161560059e+01 1.750000000000000000e+02
1.504009276027805981e+02 2.114504408836364746e+01 1.760000000000000000e+02
1.504009276027805981e+02 5.921270608901977539e+00 1.770000000000000000e+02
1.504009276027805981e+02 1.816783928871154785e+01 1.780000000000000000e+02
1.504009276027805981e+02 1.806450247764587402e+01 1.790000000000000000e+02
1.504009276027805981e+02 2.089952158927917480e+01 1.800000000000000000e+02
1.504009276027805981e+02 1.732524442672729492e+01 1.810000000000000000e+02
1.504009276027805981e+02 6.982462644577026367e+00 1.820000000000000000e+02
1.504009276027805981e+02 3.506535768508911133e+00 1.830000000000000000e+02
1.504009276027805981e+02 1.813259387016296387e+01 1.840000000000000000e+02
1.504009276027805981e+02 2.994229221343994141e+01 1.850000000000000000e+02
1.504009276027805981e+02 3.101988601684570312e+01 1.860000000000000000e+02
1.504009276027805981e+02 1.717207694053649902e+01 1.870000000000000000e+02
1.504009276027805981e+02 1.005581951141357422e+01 1.880000000000000000e+02
1.504009276027805981e+02 2.709841489791870117e+00 1.890000000000000000e+02
1.504009276027805981e+02 6.276810216903686523e+01 1.900000000000000000e+02
1.504009276027805981e+02 3.156759023666381836e+01 1.910000000000000000e+02
1.505811486007694384e+02 2.095765042304992676e+01 1.920000000000000000e+02
1.505811486007694384e+02 1.725693726539611816e+01 1.930000000000000000e+02
1.505811486007694384e+02 1.978806543350219727e+01 1.940000000000000000e+02
1.505811486007694384e+02 5.428105115890502930e+00 1.950000000000000000e+02
1.574616991441737923e+02 6.340591025352478027e+01 1.960000000000000000e+02
1.574616991441737923e+02 2.094241094589233398e+01 1.970000000000000000e+02
1.574616991441737923e+02 3.177762389183044434e+01 1.980000000000000000e+02
1.574616991441737923e+02 6.082875490188598633e+00 1.990000000000000000e+02
1.574616991441737923e+02 7.927458047866821289e+00 2.000000000000000000e+02
1.574616991441737923e+02 5.648629903793334961e+00 2.010000000000000000e+02
1.574616991441737923e+02 2.056309843063354492e+01 2.020000000000000000e+02
1.574616991441737923e+02 6.340141797065734863e+01 2.030000000000000000e+02
1.574616991441737923e+02 2.127839446067810059e+01 2.040000000000000000e+02
1.574616991441737923e+02 2.459088873863220215e+01 2.050000000000000000e+02
1.574616991441737923e+02 5.660454034805297852e+00 2.060000000000000000e+02
1.574616991441737923e+02 5.223902225494384766e+00 2.070000000000000000e+02
1.574616991441737923e+02 1.813613319396972656e+01 2.080000000000000000e+02
1.574616991441737923e+02 3.122335195541381836e+01 2.090000000000000000e+02
1.574616991441737923e+02 6.312820672988891602e+01 2.100000000000000000e+02
1.574616991441737923e+02 1.740818524360656738e+01 2.110000000000000000e+02
1.574616991441737923e+02 2.044734764099121094e+01 2.120000000000000000e+02
1.574616991441737923e+02 4.728745937347412109e+00 2.130000000000000000e+02
1.574616991441737923e+02 2.046485614776611328e+01 2.140000000000000000e+02
1.574616991441737923e+02 4.285990476608276367e+01 2.150000000000000000e+02
1.574616991441737923e+02 2.115709280967712402e+01 2.160000000000000000e+02
1.574616991441737923e+02 2.042725157737731934e+01 2.170000000000000000e+02
1.574616991441737923e+02 9.652239561080932617e+00 2.180000000000000000e+02
1.574616991441737923e+02 7.545128345489501953e+00 2.190000000000000000e+02
1.574616991441737923e+02 5.560792970657348633e+01 2.200000000000000000e+02
1.574616991441737923e+02 1.261625480651855469e+01 2.210000000000000000e+02
1.574616991441737923e+02 6.335316872596740723e+01 2.220000000000000000e+02
1.574616991441737923e+02 1.213243627548217773e+01 2.230000000000000000e+02
1.574616991441737923e+02 1.047670626640319824e+01 2.240000000000000000e+02
1.574616991441737923e+02 5.737444877624511719e+00 2.250000000000000000e+02
1.580831839061662834e+02 6.318529701232910156e+01 2.260000000000000000e+02
1.580831839061662834e+02 3.005427265167236328e+01 2.270000000000000000e+02
1.580831839061662834e+02 3.076512002944946289e+01 2.280000000000000000e+02
1.580831839061662834e+02 8.210820674896240234e+00 2.290000000000000000e+02
1.580831839061662834e+02 1.662626719474792480e+01 2.300000000000000000e+02
1.580831839061662834e+02 2.646601200103759766e-01 2.310000000000000000e+02
1.580831839061662834e+02 6.533510684967041016e-01 2.320000000000000000e+02
1.580831839061662834e+02 2.124116516113281250e+01 2.330000000000000000e+02
1.580831839061662834e+02 3.062579202651977539e+01 2.340000000000000000e+02
1.580831839061662834e+02 6.717015266418457031e+00 2.350000000000000000e+02
1.580831839061662834e+02 6.519274473190307617e+00 2.360000000000000000e+02
1.580831839061662834e+02 6.668783664703369141e+00 2.370000000000000000e+02
1.580831839061662834e+02 6.127505064010620117e+00 2.380000000000000000e+02
1.580831839061662834e+02 5.175408124923706055e+01 2.390000000000000000e+02
1.581561875986868131e+02 6.500378513336181641e+01 2.400000000000000000e+02
1.581561875986868131e+02 5.635233640670776367e+00 2.410000000000000000e+02
1.581561875986868131e+02 3.523703575134277344e+00 2.420000000000000000e+02
1.581561875986868131e+02 4.790942907333374023e+00 2.430000000000000000e+02
1.582350952503778672e+02 5.778177213668823242e+01 2.440000000000000000e+02
1.582350952503778672e+02 5.580723977088928223e+01 2.450000000000000000e+02
1.582350952503778672e+02 6.304991269111633301e+01 2.460000000000000000e+02
1.582350952503778672e+02 1.269884109497070312e-01 2.470000000000000000e+02
1.582350952503778672e+02 1.721082615852355957e+01 2.480000000000000000e+02
1.582350952503778672e+02 6.478903532028198242e+00 2.490000000000000000e+02
1.582350952503778672e+02 6.390638113021850586e+00 2.500000000000000000e+02
1.582350952503778672e+02 7.713502740859985352e+01 2.510000000000000000e+02
1.582350952503778672e+02 5.574317288398742676e+01 2.520000000000000000e+02
1.582350952503778672e+02 2.534141683578491211e+01 2.530000000000000000e+02
1.582350952503778672e+02 1.689547753334045410e+01 2.540000000000000000e+02
1.582350952503778672e+02 4.578646183013916016e+00 2.550000000000000000e+02
1.582350952503778672e+02 1.611774444580078125e+01 2.560000000000000000e+02
1.582350952503778672e+02 6.487687468528747559e+01 2.570000000000000000e+02
1.582350952503778672e+02 6.316408157348632812e+01 2.580000000000000000e+02
1.582350952503778672e+02 1.674629282951354980e+01 2.590000000000000000e+02
1.582350952503778672e+02 1.250796318054199219e-01 2.600000000000000000e+02
1.582350952503778672e+02 1.887075901031494141e-01 2.610000000000000000e+02
1.582350952503778672e+02 1.644283151626586914e+01 2.620000000000000000e+02
1.582350952503778672e+02 5.185345602035522461e+01 2.630000000000000000e+02
1.582350952503778672e+02 5.765696382522583008e+01 2.640000000000000000e+02
1.582350952503778672e+02 9.768506765365600586e+00 2.650000000000000000e+02
1.582350952503778672e+02 2.121125364303588867e+01 2.660000000000000000e+02
1.582350952503778672e+02 8.171050548553466797e+00 2.670000000000000000e+02
1.582350952503778672e+02 6.392550587654113770e+01 2.680000000000000000e+02
1.582350952503778672e+02 5.739567399024963379e+01 2.690000000000000000e+02
1.582350952503778672e+02 6.357910704612731934e+01 2.700000000000000000e+02
1.582350952503778672e+02 6.155945539474487305e+00 2.710000000000000000e+02
1.582350952503778672e+02 7.030200958251953125e-01 2.720000000000000000e+02
1.582350952503778672e+02 6.976260185241699219e+00 2.730000000000000000e+02
1.582350952503778672e+02 2.785718655586242676e+01 2.740000000000000000e+02
1.582350952503778672e+02 3.005295372009277344e+01 2.750000000000000000e+02
1.582350952503778672e+02 6.509780406951904297e+01 2.760000000000000000e+02
1.582350952503778672e+02 5.286370754241943359e+00 2.770000000000000000e+02
1.582350952503778672e+02 1.027619409561157227e+01 2.780000000000000000e+02
1.582350952503778672e+02 4.576013565063476562e+00 2.790000000000000000e+02
1.582350952503778672e+02 1.232229232788085938e+00 2.800000000000000000e+02
1.582350952503778672e+02 5.511146974563598633e+01 2.810000000000000000e+02
1.582350952503778672e+02 5.399332714080810547e+01 2.820000000000000000e+02
1.582350952503778672e+02 2.117627477645874023e+01 2.830000000000000000e+02
1.582350952503778672e+02 1.432837343215942383e+01 2.840000000000000000e+02
1.582350952503778672e+02 4.598731040954589844e+00 2.850000000000000000e+02
1.582350952503778672e+02 6.462723350524902344e+01 2.860000000000000000e+02
1.582350952503778672e+02 3.921241283416748047e+00 2.870000000000000000e+02
1.582350952503778672e+02 5.755514049530029297e+01 2.880000000000000000e+02
1.582350952503778672e+02 1.697001791000366211e+01 2.890000000000000000e+02
1.582350952503778672e+02 2.128489923477172852e+01 2.900000000000000000e+02
1.582350952503778672e+02 5.381735563278198242e+00 2.910000000000000000e+02
1.582350952503778672e+02 6.390553164482116699e+01 2.920000000000000000e+02
1.582350952503778672e+02 5.719053578376770020e+01 2.930000000000000000e+02
1.582350952503778672e+02 2.086937022209167480e+01 2.940000000000000000e+02
1.582350952503778672e+02 4.634828567504882812e+00 2.950000000000000000e+02
1.582350952503778672e+02 1.738065695762634277e+01 2.960000000000000000e+02
1.582350952503778672e+02 1.147069931030273438e-01 2.970000000000000000e+02
1.582350952503778672e+02 1.086986660957336426e+01 2.980000000000000000e+02
1.582350952503778672e+02 3.228448939323425293e+01 2.990000000000000000e+02
1.582350952503778672e+02 6.638984608650207520e+01 3.000000000000000000e+02
1.582350952503778672e+02 1.741199302673339844e+01 3.010000000000000000e+02
1.582350952503778672e+02 1.995622229576110840e+01 3.020000000000000000e+02
1.582350952503778672e+02 2.231696128845214844e+00 3.030000000000000000e+02
1.582350952503778672e+02 6.334554243087768555e+01 3.040000000000000000e+02
1.582350952503778672e+02 6.610574936866760254e+01 3.050000000000000000e+02
1.582350952503778672e+02 4.597716331481933594e-01 3.060000000000000000e+02
1.582350952503778672e+02 2.545311474800109863e+01 3.070000000000000000e+02
1.582350952503778672e+02 2.077185797691345215e+01 3.080000000000000000e+02
1.582350952503778672e+02 9.122310161590576172e+00 3.090000000000000000e+02
1.582350952503778672e+02 1.401042342185974121e+01 3.100000000000000000e+02
1.582350952503778672e+02 6.507221007347106934e+01 3.110000000000000000e+02
1.582350952503778672e+02 5.601879119873046875e+01 3.120000000000000000e+02
1.582350952503778672e+02 7.778927087783813477e+00 3.130000000000000000e+02
1.582350952503778672e+02 2.117929077148437500e+01 3.140000000000000000e+02
1.582350952503778672e+02 7.083892822265625000e+00 3.150000000000000000e+02
1.582350952503778672e+02 1.307801842689514160e+01 3.160000000000000000e+02
1.582350952503778672e+02 6.616244244575500488e+01 3.170000000000000000e+02
1.582350952503778672e+02 2.792495346069335938e+01 3.180000000000000000e+02
1.582350952503778672e+02 2.890533685684204102e+00 3.190000000000000000e+02
1.582350952503778672e+02 8.920955657958984375e+00 3.200000000000000000e+02
1.582350952503778672e+02 4.001399993896484375e+00 3.210000000000000000e+02
1.582963011853308899e+02 5.633319258689880371e+01 3.220000000000000000e+02
1.582963011853308899e+02 6.299439144134521484e+01 3.230000000000000000e+02
1.582963011853308899e+02 6.657456946372985840e+01 3.240000000000000000e+02
1.582963011853308899e+02 1.028025007247924805e+01 3.250000000000000000e+02
1.582963011853308899e+02 1.811081671714782715e+01 3.260000000000000000e+02
1.582963011853308899e+02 5.295466184616088867e+00 3.270000000000000000e+02
1.582963011853308899e+02 6.303976821899414062e+01 3.280000000000000000e+02
1.582963011853308899e+02 5.591640758514404297e+01 3.290000000000000000e+02
1.582963011853308899e+02 6.333033585548400879e+01 3.300000000000000000e+02
1.582963011853308899e+02 2.068605875968933105e+01 3.310000000000000000e+02
1.582963011853308899e+02 2.204173207283020020e+01 3.320000000000000000e+02
1.582963011853308899e+02 5.988837480545043945e+00 3.330000000000000000e+02
1.582963011853308899e+02 5.769402766227722168e+01 3.340000000000000000e+02
1.582963011853308899e+02 5.599008321762084961e+01 3.350000000000000000e+02
1.582963011853308899e+02 5.731098413467407227e+01 3.360000000000000000e+02
1.582963011853308899e+02 1.417603492736816406e-01 3.370000000000000000e+02
1.582963011853308899e+02 1.820929980278015137e+01 3.380000000000000000e+02
1.582963011853308899e+02 2.103363084793090820e+01 3.390000000000000000e+02
1.582963011853308899e+02 2.148256492614746094e+01 3.400000000000000000e+02
1.582963011853308899e+02 5.342442774772644043e+01 3.410000000000000000e+02
1.582963011853308899e+02 6.416119647026062012e+01 3.420000000000000000e+02
1.582963011853308899e+02 7.970927476882934570e+00 3.430000000000000000e+02
1.582963011853308899e+02 2.053238105773925781e+01 3.440000000000000000e+02
1.582963011853308899e+02 5.639947414398193359e+00 3.450000000000000000e+02
1.582963011853308899e+02 6.492566251754760742e+01 3.460000000000000000e+02
1.582963011853308899e+02 6.560184001922607422e+01 3.470000000000000000e+02
1.582963011853308899e+02 3.038528680801391602e+01 3.480000000000000000e+02
1.582963011853308899e+02 4.304351329803466797e+00 3.490000000000000000e+02
1.582963011853308899e+02 8.580315113067626953e-01 3.500000000000000000e+02
1.582963011853308899e+02 1.609075069427490234e+01 3.510000000000000000e+02
1.582963011853308899e+02 6.491866278648376465e+01 3.520000000000000000e+02
1.582963011853308899e+02 2.107662510871887207e+01 3.530000000000000000e+02
1.582963011853308899e+02 7.631932234764099121e+01 3.540000000000000000e+02
1.582963011853308899e+02 5.457416534423828125e+00 3.550000000000000000e+02
1.582963011853308899e+02 2.380535435676574707e+01 3.560000000000000000e+02
1.582963011853308899e+02 8.402548551559448242e+00 3.570000000000000000e+02
1.582963011853308899e+02 1.887283825874328613e+01 3.580000000000000000e+02
1.582963011853308899e+02 4.811875820159912109e-01 3.590000000000000000e+02
1.582963011853308899e+02 7.866935348510742188e+01 3.600000000000000000e+02
1.582963011853308899e+02 2.059949398040771484e+01 3.610000000000000000e+02
1.582963011853308899e+02 7.243211507797241211e+00 3.620000000000000000e+02
1.582963011853308899e+02 1.046151924133300781e+01 3.630000000000000000e+02
1.582963011853308899e+02 6.274971628189086914e+01 3.640000000000000000e+02
1.582963011853308899e+02 7.893558645248413086e+01 3.650000000000000000e+02
1.582963011853308899e+02 6.531057620048522949e+01 3.660000000000000000e+02
1.582963011853308899e+02 1.630310702323913574e+01 3.670000000000000000e+02
1.582963011853308899e+02 6.740334510803222656e+00 3.680000000000000000e+02
1.582963011853308899e+02 1.989347934722900391e-01 3.690000000000000000e+02
1.582963011853308899e+02 6.603742170333862305e+01 3.700000000000000000e+02
1.582963011853308899e+02 3.105495977401733398e+01 3.710000000000000000e+02
1.582963011853308899e+02 2.625115227699279785e+01 3.720000000000000000e+02
1.582963011853308899e+02 2.383162260055541992e+00 3.730000000000000000e+02
1.582963011853308899e+02 1.807160329818725586e+01 3.740000000000000000e+02
1.582963011853308899e+02 5.716381549835205078e+00 3.750000000000000000e+02
1.582963011853308899e+02 1.700236415863037109e+01 3.760000000000000000e+02
1.582963011853308899e+02 1.370820426940917969e+01 3.770000000000000000e+02
1.582963011853308899e+02 2.036131286621093750e+01 3.780000000000000000e+02
1.582963011853308899e+02 2.017007088661193848e+01 3.790000000000000000e+02
1.582963011853308899e+02 8.712423086166381836e+00 3.800000000000000000e+02
1.582963011853308899e+02 5.490364074707031250e+00 3.810000000000000000e+02
1.582963011853308899e+02 2.804215741157531738e+01 3.820000000000000000e+02
1.582963011853308899e+02 6.325718808174133301e+01 3.830000000000000000e+02
1.582963011853308899e+02 6.331258535385131836e+01 3.840000000000000000e+02
1.582963011853308899e+02 9.748147010803222656e+00 3.850000000000000000e+02
1.582963011853308899e+02 1.908102035522460938e+00 3.860000000000000000e+02
1.582963011853308899e+02 5.535626888275146484e+00 3.870000000000000000e+02
1.582963011853308899e+02 1.575688171386718750e+01 3.880000000000000000e+02
1.582963011853308899e+02 6.908764338493347168e+01 3.890000000000000000e+02
1.582963011853308899e+02 7.586621260643005371e+01 3.900000000000000000e+02
1.582963011853308899e+02 2.037526321411132812e+01 3.910000000000000000e+02
1.582963011853308899e+02 2.066898965835571289e+01 3.920000000000000000e+02
1.582963011853308899e+02 7.879041671752929688e+00 3.930000000000000000e+02
1.582963011853308899e+02 6.499827933311462402e+01 3.940000000000000000e+02
1.582963011853308899e+02 6.342702198028564453e+01 3.950000000000000000e+02
1.582963011853308899e+02 5.776437020301818848e+01 3.960000000000000000e+02
1.582963011853308899e+02 2.136961245536804199e+01 3.970000000000000000e+02
1.582963011853308899e+02 3.660297393798828125e-01 3.980000000000000000e+02
1.582963011853308899e+02 5.802620172500610352e+00 3.990000000000000000e+02
1.582963011853308899e+02 8.968915224075317383e+00 4.000000000000000000e+02
1.582963011853308899e+02 5.492086577415466309e+01 4.010000000000000000e+02
1.582963011853308899e+02 6.265143251419067383e+01 4.020000000000000000e+02
1.582963011853308899e+02 1.024012184143066406e+01 4.030000000000000000e+02
1.582963011853308899e+02 2.115107798576354980e+01 4.040000000000000000e+02
1.582963011853308899e+02 6.008759260177612305e+00 4.050000000000000000e+02
1.582963011853308899e+02 2.798282647132873535e+01 4.060000000000000000e+02
1.616818673128541661e+02 6.184565925598144531e+01 4.070000000000000000e+02
1.616818673128541661e+02 5.774426102638244629e+01 4.080000000000000000e+02
1.616818673128541661e+02 2.545284867286682129e+01 4.090000000000000000e+02
1.616818673128541661e+02 1.033423948287963867e+01 4.100000000000000000e+02
1.616818673128541661e+02 1.084442090988159180e+01 4.110000000000000000e+02
1.616818673128541661e+02 1.878009104728698730e+01 4.120000000000000000e+02
1.616818673128541661e+02 2.771964406967163086e+01 4.130000000000000000e+02
1.616818673128541661e+02 6.344704318046569824e+01 4.140000000000000000e+02
1.616818673128541661e+02 1.734157013893127441e+01 4.150000000000000000e+02
1.616818673128541661e+02 1.868197846412658691e+01 4.160000000000000000e+02
1.616818673128541661e+02 5.751520633697509766e+00 4.170000000000000000e+02
1.616818673128541661e+02 2.088228607177734375e+01 4.180000000000000000e+02
1.616818673128541661e+02 2.713908672332763672e+01 4.190000000000000000e+02
1.616818673128541661e+02 2.811963367462158203e+01 4.200000000000000000e+02
1.616818673128541661e+02 1.448278284072875977e+01 4.210000000000000000e+02
1.616818673128541661e+02 1.821026706695556641e+01 4.220000000000000000e+02
1.616818673128541661e+02 7.949434757232666016e+00 4.230000000000000000e+02
1.616818673128541661e+02 2.332338190078735352e+01 4.240000000000000000e+02
1.616818673128541661e+02 2.744998574256896973e+01 4.250000000000000000e+02
1.616818673128541661e+02 6.517740678787231445e+01 4.260000000000000000e+02
1.616818673128541661e+02 5.909850597381591797e-01 4.270000000000000000e+02
1.616818673128541661e+02 1.746314907073974609e+01 4.280000000000000000e+02
1.616818673128541661e+02 5.265228033065795898e+00 4.290000000000000000e+02
1.616818673128541661e+02 5.685472488403320312e-01 4.300000000000000000e+02
1.616818673128541661e+02 6.523273205757141113e+01 4.310000000000000000e+02
1.616818673128541661e+02 3.178308439254760742e+01 4.320000000000000000e+02
1.616818673128541661e+02 9.857554435729980469e+00 4.330000000000000000e+02
1.616818673128541661e+02 1.018569302558898926e+01 4.340000000000000000e+02
1.616818673128541661e+02 6.122497797012329102e+00 4.350000000000000000e+02
1.616818673128541661e+02 4.164857864379882812e-01 4.360000000000000000e+02
1.616818673128541661e+02 2.065559148788452148e+01 4.370000000000000000e+02
1.616818673128541661e+02 1.265964007377624512e+01 4.380000000000000000e+02
1.616818673128541661e+02 1.741311717033386230e+01 4.390000000000000000e+02
1.616818673128541661e+02 3.651843070983886719e+00 4.400000000000000000e+02
1.616818673128541661e+02 1.079661655426025391e+01 4.410000000000000000e+02
1.616818673128541661e+02 7.941085171699523926e+01 4.420000000000000000e+02
1.616818673128541661e+02 6.391422557830810547e+01 4.430000000000000000e+02
1.616818673128541661e+02 6.739693641662597656e+01 4.440000000000000000e+02
1.616818673128541661e+02 1.721005725860595703e+01 4.450000000000000000e+02
1.616818673128541661e+02 9.527674436569213867e+00 4.460000000000000000e+02
1.616818673128541661e+02 4.326032638549804688e+00 4.470000000000000000e+02
1.616818673128541661e+02 2.098504066467285156e+01 4.480000000000000000e+02
1.616818673128541661e+02 6.635562133789062500e+01 4.490000000000000000e+02
1.616818673128541661e+02 6.345169305801391602e+01 4.500000000000000000e+02
1.616818673128541661e+02 5.335300207138061523e+00 4.510000000000000000e+02
1.616818673128541661e+02 7.005031824111938477e+00 4.520000000000000000e+02
1.616818673128541661e+02 6.901838302612304688e+00 4.530000000000000000e+02
1.616818673128541661e+02 2.776274347305297852e+01 4.540000000000000000e+02
1.616818673128541661e+02 6.365990138053894043e+01 4.550000000000000000e+02
1.616818673128541661e+02 5.610051512718200684e+01 4.560000000000000000e+02
1.616818673128541661e+02 2.158785104751586914e+01 4.570000000000000000e+02
1.616818673128541661e+02 1.035818791389465332e+01 4.580000000000000000e+02
1.616818673128541661e+02 5.434501171112060547e+00 4.590000000000000000e+02
1.616818673128541661e+02 5.759782981872558594e+01 4.600000000000000000e+02
1.616818673128541661e+02 6.503601050376892090e+01 4.610000000000000000e+02
1.616818673128541661e+02 6.339371943473815918e+01 4.620000000000000000e+02
1.616818673128541661e+02 1.309244632720947266e-01 4.630000000000000000e+02
1.616818673128541661e+02 1.821191525459289551e+01 4.640000000000000000e+02
1.616818673128541661e+02 1.525013446807861328e+00 4.650000000000000000e+02
1.616818673128541661e+02 6.596224832534790039e+01 4.660000000000000000e+02
1.616818673128541661e+02 5.525833368301391602e+01 4.670000000000000000e+02
1.616818673128541661e+02 6.440365815162658691e+01 4.680000000000000000e+02
1.616818673128541661e+02 6.639818429946899414e+00 4.690000000000000000e+02
1.616818673128541661e+02 2.066055798530578613e+01 4.700000000000000000e+02
1.616818673128541661e+02 5.583116769790649414e+00 4.710000000000000000e+02
1.616818673128541661e+02 6.266080069541931152e+01 4.720000000000000000e+02
1.616818673128541661e+02 5.645805668830871582e+01 4.730000000000000000e+02
1.616818673128541661e+02 6.652638006210327148e+01 4.740000000000000000e+02
1.616818673128541661e+02 1.726645326614379883e+01 4.750000000000000000e+02
1.616818673128541661e+02 1.818353939056396484e+01 4.760000000000000000e+02
1.616818673128541661e+02 5.685192108154296875e+00 4.770000000000000000e+02
1.616818673128541661e+02 5.754469251632690430e+01 4.780000000000000000e+02
1.616818673128541661e+02 6.547094225883483887e+01 4.790000000000000000e+02
1.616818673128541661e+02 5.719162821769714355e+01 4.800000000000000000e+02
1.616818673128541661e+02 6.969304323196411133e+00 4.810000000000000000e+02
1.616818673128541661e+02 8.052849531173706055e+00 4.820000000000000000e+02
1.616818673128541661e+02 6.921303510665893555e+00 4.830000000000000000e+02
1.616818673128541661e+02 6.341144585609436035e+01 4.840000000000000000e+02
1.616818673128541661e+02 2.636996507644653320e+00 4.850000000000000000e+02
1.616818673128541661e+02 2.757245254516601562e+01 4.860000000000000000e+02
1.616818673128541661e+02 1.725146722793579102e+01 4.870000000000000000e+02
1.616818673128541661e+02 1.009353494644165039e+01 4.880000000000000000e+02
1.616818673128541661e+02 8.087502241134643555e+00 4.890000000000000000e+02
1.616818673128541661e+02 6.649219346046447754e+01 4.900000000000000000e+02
1.616818673128541661e+02 6.473076343536376953e+01 4.910000000000000000e+02
1.616818673128541661e+02 5.611701416969299316e+01 4.920000000000000000e+02
1.616818673128541661e+02 2.799590349197387695e+00 4.930000000000000000e+02
1.616818673128541661e+02 1.425215601921081543e+01 4.940000000000000000e+02
1.616818673128541661e+02 6.434346914291381836e+00 4.950000000000000000e+02
1.616818673128541661e+02 2.591943264007568359e+01 4.960000000000000000e+02
1.616818673128541661e+02 6.410643434524536133e+01 4.970000000000000000e+02
1.616818673128541661e+02 6.340242815017700195e+01 4.980000000000000000e+02
1.616818673128541661e+02 6.155533075332641602e+00 4.990000000000000000e+02
1.616818673128541661e+02 1.792163205146789551e+01 5.000000000000000000e+02
1.616818673128541661e+02 6.129088163375854492e+00 5.010000000000000000e+02
1.616818673128541661e+02 1.884010219573974609e+01 5.020000000000000000e+02
1.616818673128541661e+02 6.510740971565246582e+01 5.030000000000000000e+02
1.616818673128541661e+02 5.445638298988342285e+01 5.040000000000000000e+02
1.616818673128541661e+02 6.874732255935668945e+00 5.050000000000000000e+02
1.616818673128541661e+02 1.820319724082946777e+01 5.060000000000000000e+02
1.616818673128541661e+02 4.664495229721069336e+00 5.070000000000000000e+02
1.616818673128541661e+02 5.339645671844482422e+01 5.080000000000000000e+02
1.616818673128541661e+02 6.642892408370971680e+01 5.090000000000000000e+02
1.616818673128541661e+02 6.331737160682678223e+01 5.100000000000000000e+02
1.616818673128541661e+02 2.077514243125915527e+01 5.110000000000000000e+02
1.616818673128541661e+02 2.113672661781311035e+01 5.120000000000000000e+02
1.616818673128541661e+02 1.422672986984252930e+00 5.130000000000000000e+02
1.616818673128541661e+02 1.870348072052001953e+01 5.140000000000000000e+02
1.616818673128541661e+02 2.688045430183410645e+01 5.150000000000000000e+02
1.616818673128541661e+02 5.753521919250488281e+01 5.160000000000000000e+02
1.616818673128541661e+02 9.901590108871459961e+00 5.170000000000000000e+02
1.616818673128541661e+02 2.125509810447692871e+01 5.180000000000000000e+02
1.616818673128541661e+02 5.556537866592407227e+00 5.190000000000000000e+02
1.616818673128541661e+02 5.565095710754394531e+01 5.200000000000000000e+02
1.616818673128541661e+02 3.638219642639160156e+01 5.210000000000000000e+02
1.616818673128541661e+02 7.609689879417419434e+01 5.220000000000000000e+02
1.616818673128541661e+02 1.735893774032592773e+01 5.230000000000000000e+02
1.616818673128541661e+02 2.937226295471191406e-01 5.240000000000000000e+02
1.616818673128541661e+02 4.766176223754882812e+00 5.250000000000000000e+02
1.616818673128541661e+02 1.637697362899780273e+01 5.260000000000000000e+02
1.619052771170027540e+02 6.243745064735412598e+01 5.270000000000000000e+02
1.619052771170027540e+02 6.348016238212585449e+01 5.280000000000000000e+02
1.619052771170027540e+02 2.160787487030029297e+01 5.290000000000000000e+02
1.619052771170027540e+02 1.841676235198974609e-01 5.300000000000000000e+02
1.619052771170027540e+02 4.508343696594238281e+00 5.310000000000000000e+02
1.619052771170027540e+02 6.339698314666748047e+01 5.320000000000000000e+02
1.619052771170027540e+02 6.321610903739929199e+01 5.330000000000000000e+02
1.619052771170027540e+02 6.241117906570434570e+01 5.340000000000000000e+02
1.619052771170027540e+02 7.961608648300170898e+00 5.350000000000000000e+02
1.619052771170027540e+02 1.093284344673156738e+01 5.360000000000000000e+02
1.619052771170027540e+02 4.503297567367553711e+00 5.370000000000000000e+02
1.619052771170027540e+02 1.797982192039489746e+01 5.380000000000000000e+02
1.619052771170027540e+02 6.341527533531188965e+01 5.390000000000000000e+02
1.619052771170027540e+02 6.330299854278564453e+01 5.400000000000000000e+02
1.619052771170027540e+02 1.012373137474060059e+01 5.410000000000000000e+02
1.619052771170027540e+02 1.825128746032714844e+01 5.420000000000000000e+02
1.619052771170027540e+02 9.156467437744140625e+00 5.430000000000000000e+02
1.619052771170027540e+02 6.355249881744384766e+01 5.440000000000000000e+02
1.619052771170027540e+02 6.330546021461486816e+01 5.450000000000000000e+02
1.619052771170027540e+02 6.518387460708618164e+01 5.460000000000000000e+02
1.619052771170027540e+02 1.728922581672668457e+01 5.470000000000000000e+02
1.619052771170027540e+02 1.155972099304199219e+01 5.480000000000000000e+02
1.619052771170027540e+02 6.955987453460693359e+00 5.490000000000000000e+02
1.619052771170027540e+02 2.503340363502502441e+01 5.500000000000000000e+02
1.619052771170027540e+02 5.180511713027954102e+01 5.510000000000000000e+02
1.619052771170027540e+02 7.739052343368530273e+01 5.520000000000000000e+02
1.619052771170027540e+02 7.879789113998413086e+00 5.530000000000000000e+02
1.619052771170027540e+02 1.827997851371765137e+01 5.540000000000000000e+02
1.619052771170027540e+02 5.250117301940917969e+00 5.550000000000000000e+02
1.619052771170027540e+02 6.397284817695617676e+01 5.560000000000000000e+02
1.619052771170027540e+02 6.512082624435424805e+01 5.570000000000000000e+02
1.619052771170027540e+02 6.337994575500488281e+01 5.580000000000000000e+02
1.619052771170027540e+02 1.016685962677001953e-01 5.590000000000000000e+02
1.619052771170027540e+02 1.828271245956420898e+01 5.600000000000000000e+02
1.619052771170027540e+02 4.937422990798950195e+00 5.610000000000000000e+02
1.619052771170027540e+02 6.508575510978698730e+01 5.620000000000000000e+02
1.619052771170027540e+02 7.860589456558227539e+01 5.630000000000000000e+02
1.619052771170027540e+02 5.577301192283630371e+01 5.640000000000000000e+02
1.619052771170027540e+02 9.019910097122192383e+00 5.650000000000000000e+02
1.619052771170027540e+02 7.304871797561645508e+00 5.660000000000000000e+02
1.619052771170027540e+02 6.880309581756591797e+00 5.670000000000000000e+02
1.619052771170027540e+02 6.538762712478637695e+01 5.680000000000000000e+02
1.619052771170027540e+02 6.510822653770446777e+01 5.690000000000000000e+02
1.627634567780944508e+02 6.339547371864318848e+01 5.700000000000000000e+02
1.627634567780944508e+02 8.532653093338012695e+00 5.710000000000000000e+02
1.627634567780944508e+02 1.432054424285888672e+01 5.720000000000000000e+02
1.627634567780944508e+02 6.153169870376586914e+00 5.730000000000000000e+02
1.627634567780944508e+02 5.760125732421875000e+01 5.740000000000000000e+02
1.627634567780944508e+02 6.354911804199218750e+01 5.750000000000000000e+02
1.627634567780944508e+02 6.301548981666564941e+01 5.760000000000000000e+02
1.627634567780944508e+02 6.800361394882202148e+00 5.770000000000000000e+02
1.627634567780944508e+02 2.105580019950866699e+01 5.780000000000000000e+02
1.627634567780944508e+02 4.600157976150512695e+00 5.790000000000000000e+02
1.627634567780944508e+02 6.373528575897216797e+01 5.800000000000000000e+02
1.631409682730246402e+02 6.328683066368103027e+01 5.810000000000000000e+02
1.631409682730246402e+02 6.507106781005859375e+01 5.820000000000000000e+02
1.631409682730246402e+02 8.011319398880004883e+00 5.830000000000000000e+02
1.631409682730246402e+02 2.104259228706359863e+01 5.840000000000000000e+02
1.631409682730246402e+02 6.106293201446533203e+00 5.850000000000000000e+02
1.631409682730246402e+02 2.062060403823852539e+01 5.860000000000000000e+02
1.631409682730246402e+02 6.366127896308898926e+01 5.870000000000000000e+02
1.631409682730246402e+02 3.873829841613769531e-01 5.880000000000000000e+02
1.631409682730246402e+02 8.126760959625244141e+00 5.890000000000000000e+02
1.631409682730246402e+02 5.917508602142333984e+00 5.900000000000000000e+02
1.631409682730246402e+02 6.816726207733154297e+00 5.910000000000000000e+02
1.631409682730246402e+02 2.320857930183410645e+01 5.920000000000000000e+02
1.631409682730246402e+02 3.125974583625793457e+01 5.930000000000000000e+02
1.631409682730246402e+02 3.728206944465637207e+01 5.940000000000000000e+02
1.631409682730246402e+02 1.416836929321289062e+01 5.950000000000000000e+02
1.631409682730246402e+02 6.390440464019775391e+00 5.960000000000000000e+02
1.631409682730246402e+02 5.565458297729492188e+00 5.970000000000000000e+02
1.631409682730246402e+02 2.050989508628845215e+01 5.980000000000000000e+02
1.631409682730246402e+02 5.123105549812316895e+01 5.990000000000000000e+02
1.631409682730246402e+02 3.907038688659667969e+00 6.000000000000000000e+02
1.631409682730246402e+02 1.380472183227539062e-01 6.010000000000000000e+02
1.631409682730246402e+02 1.830680704116821289e+01 6.020000000000000000e+02
1.631409682730246402e+02 4.747327804565429688e+00 6.030000000000000000e+02
1.631409682730246402e+02 3.171532273292541504e+01 6.040000000000000000e+02
1.631409682730246402e+02 6.257843708992004395e+01 6.050000000000000000e+02
1.631409682730246402e+02 1.038290977478027344e+00 6.060000000000000000e+02
1.631409682730246402e+02 4.153061151504516602e+00 6.070000000000000000e+02
1.631409682730246402e+02 1.830747532844543457e+01 6.080000000000000000e+02
1.631409682730246402e+02 5.439089298248291016e+00 6.090000000000000000e+02
1.631409682730246402e+02 9.238200187683105469e-01 6.100000000000000000e+02
1.631409682730246402e+02 6.323542523384094238e+01 6.110000000000000000e+02
1.631409682730246402e+02 2.703677034378051758e+01 6.120000000000000000e+02
1.631409682730246402e+02 5.674783468246459961e+00 6.130000000000000000e+02
1.631409682730246402e+02 1.007335400581359863e+01 6.140000000000000000e+02
1.631409682730246402e+02 2.848925113677978516e+00 6.150000000000000000e+02
1.631409682730246402e+02 1.581095242500305176e+01 6.160000000000000000e+02
1.631409682730246402e+02 1.066039967536926270e+01 6.170000000000000000e+02
1.631409682730246402e+02 6.325467729568481445e+01 6.180000000000000000e+02
1.631409682730246402e+02 5.326294898986816406e-01 6.190000000000000000e+02
1.631409682730246402e+02 1.021496176719665527e+01 6.200000000000000000e+02
1.631409682730246402e+02 6.827903747558593750e+00 6.210000000000000000e+02
1.631409682730246402e+02 6.497790431976318359e+01 6.220000000000000000e+02
1.631409682730246402e+02 6.492128467559814453e+01 6.230000000000000000e+02
1.631409682730246402e+02 2.943755745887756348e+01 6.240000000000000000e+02
1.631409682730246402e+02 7.893888235092163086e+00 6.250000000000000000e+02
1.631409682730246402e+02 9.723851680755615234e-01 6.260000000000000000e+02
1.631409682730246402e+02 5.539399862289428711e+00 6.270000000000000000e+02
1.631409682730246402e+02 3.043146920204162598e+01 6.280000000000000000e+02
1.631409682730246402e+02 6.362397503852844238e+01 6.290000000000000000e+02
1.631409682730246402e+02 6.309748148918151855e+01 6.300000000000000000e+02
1.631409682730246402e+02 2.574127268791198730e+01 6.310000000000000000e+02
1.631409682730246402e+02 1.828781485557556152e+01 6.320000000000000000e+02
1.631409682730246402e+02 9.154659986495971680e+00 6.330000000000000000e+02
1.631409682730246402e+02 6.471202063560485840e+01 6.340000000000000000e+02
1.631409682730246402e+02 5.468718194961547852e+01 6.350000000000000000e+02
1.631409682730246402e+02 6.205064892768859863e+01 6.360000000000000000e+02
1.631409682730246402e+02 8.451004266738891602e+00 6.370000000000000000e+02
1.631409682730246402e+02 1.770947098731994629e+01 6.380000000000000000e+02
1.631409682730246402e+02 5.817776918411254883e+00 6.390000000000000000e+02
1.631409682730246402e+02 3.167795777320861816e+01 6.400000000000000000e+02
1.631409682730246402e+02 1.827973771095275879e+01 6.410000000000000000e+02
1.631409682730246402e+02 6.674904465675354004e+01 6.420000000000000000e+02
1.631409682730246402e+02 2.103984332084655762e+01 6.430000000000000000e+02
1.631409682730246402e+02 8.704809665679931641e+00 6.440000000000000000e+02
1.631409682730246402e+02 1.347422599792480469e-01 6.450000000000000000e+02
1.631409682730246402e+02 1.845091247558593750e+01 6.460000000000000000e+02
1.631409682730246402e+02 7.606806659698486328e+01 6.470000000000000000e+02
1.631409682730246402e+02 7.779839992523193359e+01 6.480000000000000000e+02
1.631409682730246402e+02 2.158686327934265137e+01 6.490000000000000000e+02
1.631409682730246402e+02 1.662050271034240723e+01 6.500000000000000000e+02
1.631409682730246402e+02 5.896689653396606445e+00 6.510000000000000000e+02
1.631409682730246402e+02 6.333765363693237305e+01 6.520000000000000000e+02
1.635772647173850771e+02 6.340632009506225586e+01 6.530000000000000000e+02
1.635772647173850771e+02 4.311349391937255859e-01 6.540000000000000000e+02
1.635772647173850771e+02 8.041604042053222656e+00 6.550000000000000000e+02
1.635772647173850771e+02 8.925949096679687500e+00 6.560000000000000000e+02
1.635772647173850771e+02 6.408683538436889648e+00 6.570000000000000000e+02
1.635772647173850771e+02 5.577872824668884277e+01 6.580000000000000000e+02
1.635772647173850771e+02 5.084111690521240234e-01 6.590000000000000000e+02
1.635772647173850771e+02 5.284055423736572266e+01 6.600000000000000000e+02
1.635772647173850771e+02 8.832355022430419922e+00 6.610000000000000000e+02
1.635772647173850771e+02 5.894948482513427734e+00 6.620000000000000000e+02
1.635772647173850771e+02 8.506468772888183594e+00 6.630000000000000000e+02
1.635772647173850771e+02 1.831296896934509277e+01 6.640000000000000000e+02
1.635772647173850771e+02 6.495502662658691406e+01 6.650000000000000000e+02
1.635772647173850771e+02 6.336004638671875000e+01 6.660000000000000000e+02
1.635772647173850771e+02 2.090760707855224609e+01 6.670000000000000000e+02
1.635772647173850771e+02 3.501873016357421875e-01 6.680000000000000000e+02
1.635772647173850771e+02 5.726717948913574219e+00 6.690000000000000000e+02
1.635772647173850771e+02 5.278556084632873535e+01 6.700000000000000000e+02
1.635772647173850771e+02 6.387991642951965332e+01 6.710000000000000000e+02
1.635772647173850771e+02 6.299235391616821289e+01 6.720000000000000000e+02
1.635772647173850771e+02 4.808739185333251953e+00 6.730000000000000000e+02
1.635772647173850771e+02 6.060105800628662109e+00 6.740000000000000000e+02
1.635772647173850771e+02 4.613962411880493164e+00 6.750000000000000000e+02
1.635772647173850771e+02 3.045434546470642090e+01 6.760000000000000000e+02
1.635772647173850771e+02 3.707213401794433594e-01 6.770000000000000000e+02
1.635772647173850771e+02 6.541508603096008301e+01 6.780000000000000000e+02
1.635772647173850771e+02 5.259282350540161133e+00 6.790000000000000000e+02
1.635772647173850771e+02 5.079792261123657227e+00 6.800000000000000000e+02
1.635772647173850771e+02 7.283319711685180664e+00 6.810000000000000000e+02
1.635772647173850771e+02 1.453800535202026367e+01 6.820000000000000000e+02
1.635772647173850771e+02 2.123812341690063477e+01 6.830000000000000000e+02
1.635772647173850771e+02 3.513428688049316406e+01 6.840000000000000000e+02
1.635772647173850771e+02 1.724222874641418457e+01 6.850000000000000000e+02
1.635772647173850771e+02 1.650514769554138184e+01 6.860000000000000000e+02
1.635772647173850771e+02 7.562572717666625977e+00 6.870000000000000000e+02
1.635772647173850771e+02 6.401194190979003906e+01 6.880000000000000000e+02
1.635772647173850771e+02 5.749342441558837891e-01 6.890000000000000000e+02
1.635772647173850771e+02 1.302020859718322754e+01 6.900000000000000000e+02
1.635772647173850771e+02 5.731608390808105469e+00 6.910000000000000000e+02
1.635772647173850771e+02 1.142223525047302246e+01 6.920000000000000000e+02
1.635772647173850771e+02 4.739448547363281250e+00 6.930000000000000000e+02
1.635772647173850771e+02 2.085091495513916016e+01 6.940000000000000000e+02
1.635772647173850771e+02 7.581928110122680664e+01 6.950000000000000000e+02
1.635772647173850771e+02 7.537894248962402344e-01 6.960000000000000000e+02
1.635772647173850771e+02 1.745172810554504395e+01 6.970000000000000000e+02
1.635772647173850771e+02 7.431146144866943359e+00 6.980000000000000000e+02
1.635772647173850771e+02 5.667293310165405273e+00 6.990000000000000000e+02
1.635772647173850771e+02 2.141056847572326660e+01 7.000000000000000000e+02
1.635772647173850771e+02 3.383229255676269531e+00 7.010000000000000000e+02
1.635772647173850771e+02 6.243033194541931152e+01 7.020000000000000000e+02
1.635772647173850771e+02 1.718483757972717285e+01 7.030000000000000000e+02
1.635772647173850771e+02 1.834844994544982910e+01 7.040000000000000000e+02
1.635772647173850771e+02 1.034726095199584961e+01 7.050000000000000000e+02
1.635772647173850771e+02 3.098504829406738281e+01 7.060000000000000000e+02
1.635772647173850771e+02 6.526476454734802246e+01 7.070000000000000000e+02
1.636062728402492041e+02 6.643406462669372559e+01 7.080000000000000000e+02
1.636062728402492041e+02 6.836272716522216797e+00 7.090000000000000000e+02
1.636062728402492041e+02 9.713005065917968750e+00 7.100000000000000000e+02
1.636062728402492041e+02 2.138703584671020508e+01 7.110000000000000000e+02
1.649655673855796749e+02 5.610205054283142090e+01 7.120000000000000000e+02
1.649655673855796749e+02 6.494625306129455566e+01 7.130000000000000000e+02
1.649655673855796749e+02 6.350422286987304688e+01 7.140000000000000000e+02
1.649655673855796749e+02 1.015433812141418457e+01 7.150000000000000000e+02
1.649655673855796749e+02 1.819830346107482910e+01 7.160000000000000000e+02
1.649655673855796749e+02 6.071817398071289062e+00 7.170000000000000000e+02
1.652195220741131152e+02 2.712539386749267578e+01 7.180000000000000000e+02
1.652195220741131152e+02 6.290467453002929688e+01 7.190000000000000000e+02
1.652195220741131152e+02 2.506450104713439941e+01 7.200000000000000000e+02
1.652195220741131152e+02 2.133277153968811035e+01 7.210000000000000000e+02
1.652195220741131152e+02 1.231497716903686523e+01 7.220000000000000000e+02
1.652195220741131152e+02 4.622228145599365234e+00 7.230000000000000000e+02
1.652195220741131152e+02 6.660089254379272461e+01 7.240000000000000000e+02
1.652195220741131152e+02 5.229160785675048828e-01 7.250000000000000000e+02
1.652195220741131152e+02 6.102568507194519043e+01 7.260000000000000000e+02
1.652195220741131152e+02 3.587467670440673828e+00 7.270000000000000000e+02
1.652195220741131152e+02 2.123085641860961914e+01 7.280000000000000000e+02
1.652195220741131152e+02 4.615215539932250977e+00 7.290000000000000000e+02
1.652195220741131152e+02 3.791728949546813965e+01 7.300000000000000000e+02
1.652195220741131152e+02 1.692800474166870117e+01 7.310000000000000000e+02
1.652195220741131152e+02 2.089283943176269531e+01 7.320000000000000000e+02
1.652195220741131152e+02 1.032515740394592285e+01 7.330000000000000000e+02
1.652195220741131152e+02 2.114592027664184570e+01 7.340000000000000000e+02
1.652195220741131152e+02 1.167639827728271484e+01 7.350000000000000000e+02
1.655570535487615018e+02 5.221019506454467773e+01 7.360000000000000000e+02
1.655570535487615018e+02 6.342044353485107422e+01 7.370000000000000000e+02
1.655570535487615018e+02 5.222241020202636719e+01 7.380000000000000000e+02
1.655570535487615018e+02 4.229377985000610352e+00 7.390000000000000000e+02
1.655570535487615018e+02 5.787816524505615234e+00 7.400000000000000000e+02
1.655570535487615018e+02 3.996780395507812500e+00 7.410000000000000000e+02
1.655570535487615018e+02 5.226253890991210938e+01 7.420000000000000000e+02
1.655570535487615018e+02 6.532718706130981445e+01 7.430000000000000000e+02
1.655570535487615018e+02 9.148241758346557617e+00 7.440000000000000000e+02
1.655570535487615018e+02 1.700297164916992188e+01 7.450000000000000000e+02
1.655570535487615018e+02 1.816989636421203613e+01 7.460000000000000000e+02
1.655570535487615018e+02 8.625549793243408203e+00 7.470000000000000000e+02
1.655570535487615018e+02 6.510226988792419434e+01 7.480000000000000000e+02
1.655570535487615018e+02 5.216215968132019043e+01 7.490000000000000000e+02
1.655570535487615018e+02 6.664213395118713379e+01 7.500000000000000000e+02
1.655570535487615018e+02 8.495544910430908203e+00 7.510000000000000000e+02
1.655570535487615018e+02 1.868918585777282715e+01 7.520000000000000000e+02
1.655570535487615018e+02 6.530033111572265625e+00 7.530000000000000000e+02
1.655570535487615018e+02 2.522342586517333984e+01 7.540000000000000000e+02
1.655570535487615018e+02 6.614882707595825195e+01 7.550000000000000000e+02
1.655570535487615018e+02 6.014470052719116211e+01 7.560000000000000000e+02
1.655570535487615018e+02 1.735386180877685547e+01 7.570000000000000000e+02
1.655570535487615018e+02 2.084577703475952148e+01 7.580000000000000000e+02
1.655570535487615018e+02 5.177138090133666992e+00 7.590000000000000000e+02
1.655570535487615018e+02 6.166639328002929688e-01 7.600000000000000000e+02
1.655570535487615018e+02 5.222998571395874023e+01 7.610000000000000000e+02
1.674188450190650599e+02 6.315253496170043945e+01 7.620000000000000000e+02
1.674188450190650599e+02 2.390594148635864258e+01 7.630000000000000000e+02
1.674188450190650599e+02 1.833496022224426270e+01 7.640000000000000000e+02
1.674188450190650599e+02 5.800497293472290039e+00 7.650000000000000000e+02
1.674188450190650599e+02 2.183016729354858398e+01 7.660000000000000000e+02
1.674188450190650599e+02 5.176274967193603516e+01 7.670000000000000000e+02
1.674188450190650599e+02 6.312633991241455078e+01 7.680000000000000000e+02
1.674188450190650599e+02 8.556787490844726562e+00 7.690000000000000000e+02
1.674188450190650599e+02 2.164693546295166016e+01 7.700000000000000000e+02
1.674188450190650599e+02 3.450759410858154297e+00 7.710000000000000000e+02
1.674188450190650599e+02 6.438274216651916504e+01 7.720000000000000000e+02
1.674188450190650599e+02 6.517487502098083496e+01 7.730000000000000000e+02
1.674188450190650599e+02 7.173055148124694824e+01 7.740000000000000000e+02
1.674188450190650599e+02 4.103339195251464844e+00 7.750000000000000000e+02
1.674188450190650599e+02 9.045395612716674805e+00 7.760000000000000000e+02
1.674188450190650599e+02 5.222827196121215820e+00 7.770000000000000000e+02
1.674188450190650599e+02 5.237595272064208984e+01 7.780000000000000000e+02
1.674188450190650599e+02 6.337119388580322266e+01 7.790000000000000000e+02
1.674188450190650599e+02 2.138564777374267578e+01 7.800000000000000000e+02
1.674188450190650599e+02 1.594157719612121582e+01 7.810000000000000000e+02
1.674188450190650599e+02 1.670329785346984863e+01 7.820000000000000000e+02
1.674188450190650599e+02 9.057748079299926758e+00 7.830000000000000000e+02
1.674188450190650599e+02 1.587196588516235352e+01 7.840000000000000000e+02
1.674188450190650599e+02 2.061254596710205078e+01 7.850000000000000000e+02
1.674188450190650599e+02 2.288080692291259766e+00 7.860000000000000000e+02
1.674188450190650599e+02 9.727233648300170898e+00 7.870000000000000000e+02
1.674188450190650599e+02 4.362199783325195312e+00 7.880000000000000000e+02
1.674188450190650599e+02 4.499342441558837891e-01 7.890000000000000000e+02
1.674188450190650599e+02 1.092747902870178223e+01 7.900000000000000000e+02
1.674188450190650599e+02 6.372181248664855957e+01 7.910000000000000000e+02
1.674188450190650599e+02 6.446838045120239258e+01 7.920000000000000000e+02
1.674188450190650599e+02 1.732631707191467285e+01 7.930000000000000000e+02
1.674188450190650599e+02 1.867457413673400879e+01 7.940000000000000000e+02
1.674188450190650599e+02 6.823913335800170898e+00 7.950000000000000000e+02
1.674188450190650599e+02 1.729312181472778320e+00 7.960000000000000000e+02
1.674188450190650599e+02 5.200395750999450684e+01 7.970000000000000000e+02
1.674188450190650599e+02 2.986725330352783203e+00 7.980000000000000000e+02
1.674188450190650599e+02 7.057572841644287109e+00 7.990000000000000000e+02
1.674188450190650599e+02 1.824305748939514160e+01 8.000000000000000000e+02
1.674188450190650599e+02 5.509784698486328125e+00 8.010000000000000000e+02
1.674188450190650599e+02 7.363530397415161133e+01 8.020000000000000000e+02
1.674188450190650599e+02 6.354876041412353516e+01 8.030000000000000000e+02
1.674188450190650599e+02 6.074181222915649414e+01 8.040000000000000000e+02
1.674188450190650599e+02 1.747770786285400391e+01 8.050000000000000000e+02
1.674188450190650599e+02 1.671127033233642578e+01 8.060000000000000000e+02
1.674188450190650599e+02 6.810469150543212891e+00 8.070000000000000000e+02
1.674188450190650599e+02 6.463074827194213867e+01 8.080000000000000000e+02
1.674188450190650599e+02 6.425884890556335449e+01 8.090000000000000000e+02
1.674188450190650599e+02 5.116499447822570801e+01 8.100000000000000000e+02
1.674188450190650599e+02 1.388854551315307617e+01 8.110000000000000000e+02
1.674188450190650599e+02 4.342241287231445312e-01 8.120000000000000000e+02
1.674188450190650599e+02 7.031181097030639648e+00 8.130000000000000000e+02
1.674188450190650599e+02 6.524378728866577148e+01 8.140000000000000000e+02
1.674188450190650599e+02 3.177418231964111328e+01 8.150000000000000000e+02
1.674188450190650599e+02 5.324237012863159180e+01 8.160000000000000000e+02
1.674188450190650599e+02 3.450662612915039062e+00 8.170000000000000000e+02
1.674188450190650599e+02 2.301607632637023926e+01 8.180000000000000000e+02
1.674188450190650599e+02 8.531964063644409180e+00 8.190000000000000000e+02
1.674188450190650599e+02 2.017755365371704102e+01 8.200000000000000000e+02
1.674188450190650599e+02 5.187846636772155762e+01 8.210000000000000000e+02
1.674188450190650599e+02 6.287838482856750488e+01 8.220000000000000000e+02
1.674188450190650599e+02 2.567111825942993164e+01 8.230000000000000000e+02
1.674188450190650599e+02 1.746624374389648438e+01 8.240000000000000000e+02
1.674188450190650599e+02 4.841373205184936523e+00 8.250000000000000000e+02
1.674188450190650599e+02 2.599343967437744141e+01 8.260000000000000000e+02
1.674188450190650599e+02 6.270584321022033691e+01 8.270000000000000000e+02
1.674188450190650599e+02 8.189291954040527344e-01 8.280000000000000000e+02
1.674188450190650599e+02 1.727118420600891113e+01 8.290000000000000000e+02
1.674188450190650599e+02 2.173910808563232422e+01 8.300000000000000000e+02
1.674188450190650599e+02 7.869902849197387695e+00 8.310000000000000000e+02
1.674188450190650599e+02 6.335783576965332031e+01 8.320000000000000000e+02
1.674188450190650599e+02 2.481490087509155273e+01 8.330000000000000000e+02
1.674188450190650599e+02 6.401000261306762695e+01 8.340000000000000000e+02
1.674188450190650599e+02 1.035580658912658691e+01 8.350000000000000000e+02
1.674188450190650599e+02 5.519439935684204102e+00 8.360000000000000000e+02
1.674188450190650599e+02 5.948557615280151367e+00 8.370000000000000000e+02
1.674188450190650599e+02 2.571865439414978027e+01 8.380000000000000000e+02
1.674188450190650599e+02 7.731262874603271484e+01 8.390000000000000000e+02
1.674188450190650599e+02 1.354459571838378906e+01 8.400000000000000000e+02
1.674188450190650599e+02 2.111744332313537598e+01 8.410000000000000000e+02
1.674188450190650599e+02 1.024602079391479492e+01 8.420000000000000000e+02
1.674188450190650599e+02 8.709563493728637695e+00 8.430000000000000000e+02
1.674188450190650599e+02 6.432453775405883789e+01 8.440000000000000000e+02
1.674188450190650599e+02 5.185162925720214844e+01 8.450000000000000000e+02
1.674188450190650599e+02 6.388451337814331055e+01 8.460000000000000000e+02
1.674188450190650599e+02 1.742489290237426758e+01 8.470000000000000000e+02
1.674188450190650599e+02 6.927027702331542969e+00 8.480000000000000000e+02
1.674188450190650599e+02 8.439529418945312500e+00 8.490000000000000000e+02
1.674188450190650599e+02 7.491033673286437988e+01 8.500000000000000000e+02
1.674188450190650599e+02 6.311950159072875977e+01 8.510000000000000000e+02
1.674188450190650599e+02 5.182088851928710938e+01 8.520000000000000000e+02
1.674188450190650599e+02 2.138351440429687500e+01 8.530000000000000000e+02
1.674188450190650599e+02 1.852092623710632324e+01 8.540000000000000000e+02
1.674188450190650599e+02 7.062345266342163086e+00 8.550000000000000000e+02
1.674188450190650599e+02 6.329072141647338867e+01 8.560000000000000000e+02
1.674188450190650599e+02 6.092433691024780273e+00 8.570000000000000000e+02
1.674188450190650599e+02 3.068193173408508301e+01 8.580000000000000000e+02
1.674188450190650599e+02 5.359471321105957031e+00 8.590000000000000000e+02
1.674188450190650599e+02 3.744195461273193359e+00 8.600000000000000000e+02
1.674188450190650599e+02 8.777742624282836914e+00 8.610000000000000000e+02
1.674188450190650599e+02 6.321384310722351074e+01 8.620000000000000000e+02
1.683497407542168389e+02 6.314948701858520508e+01 8.630000000000000000e+02
1.683497407542168389e+02 6.087276768684387207e+01 8.640000000000000000e+02
1.683497407542168389e+02 3.308375358581542969e+00 8.650000000000000000e+02
1.683497407542168389e+02 1.754110670089721680e+01 8.660000000000000000e+02
1.683497407542168389e+02 4.555841922760009766e+00 8.670000000000000000e+02
1.683497407542168389e+02 6.347026968002319336e+01 8.680000000000000000e+02
1.683497407542168389e+02 1.086857795715332031e+00 8.690000000000000000e+02
1.683497407542168389e+02 6.339506959915161133e+01 8.700000000000000000e+02
1.683497407542168389e+02 1.021347498893737793e+01 8.710000000000000000e+02
1.683497407542168389e+02 2.153015756607055664e+01 8.720000000000000000e+02
1.683497407542168389e+02 5.645503282546997070e+00 8.730000000000000000e+02
1.683497407542168389e+02 6.577819657325744629e+01 8.740000000000000000e+02
1.683497407542168389e+02 1.510125160217285156e+00 8.750000000000000000e+02
1.683497407542168389e+02 6.435741066932678223e+01 8.760000000000000000e+02
1.683497407542168389e+02 5.456370830535888672e+00 8.770000000000000000e+02
1.683497407542168389e+02 1.025227880477905273e+01 8.780000000000000000e+02
1.683497407542168389e+02 9.909278631210327148e+00 8.790000000000000000e+02
1.683497407542168389e+02 6.666286683082580566e+01 8.800000000000000000e+02
1.683497407542168389e+02 2.568460941314697266e+01 8.810000000000000000e+02
1.683497407542168389e+02 6.362016201019287109e+01 8.820000000000000000e+02
1.683497407542168389e+02 1.704578948020935059e+01 8.830000000000000000e+02
1.683497407542168389e+02 1.804142093658447266e+01 8.840000000000000000e+02
1.683497407542168389e+02 9.920631647109985352e+00 8.850000000000000000e+02
1.683497407542168389e+02 5.375390362739562988e+01 8.860000000000000000e+02
1.683497407542168389e+02 6.416131663322448730e+01 8.870000000000000000e+02
1.683497407542168389e+02 5.221518731117248535e+01 8.880000000000000000e+02
1.683497407542168389e+02 3.300858259201049805e+00 8.890000000000000000e+02
1.683497407542168389e+02 1.804552698135375977e+01 8.900000000000000000e+02
1.683497407542168389e+02 5.870589256286621094e+00 8.910000000000000000e+02
1.683497407542168389e+02 9.662523508071899414e+00 8.920000000000000000e+02
1.683497407542168389e+02 3.705301284790039062e-01 8.930000000000000000e+02
1.683497407542168389e+02 6.510826873779296875e+01 8.940000000000000000e+02
1.683497407542168389e+02 1.747488951683044434e+01 8.950000000000000000e+02
1.683497407542168389e+02 1.825251173973083496e+01 8.960000000000000000e+02
1.683497407542168389e+02 5.367441892623901367e+00 8.970000000000000000e+02
1.683497407542168389e+02 6.345679783821105957e+01 8.980000000000000000e+02
1.683497407542168389e+02 6.435965466499328613e+01 8.990000000000000000e+02
1.683497407542168389e+02 3.120401120185852051e+01 9.000000000000000000e+02
1.683497407542168389e+02 1.396905374526977539e+01 9.010000000000000000e+02
1.683497407542168389e+02 1.829345417022705078e+01 9.020000000000000000e+02
1.683497407542168389e+02 6.033209562301635742e+00 9.030000000000000000e+02
1.683497407542168389e+02 6.558286714553833008e+01 9.040000000000000000e+02
1.685082579648313299e+02 4.413706803321838379e+01 9.050000000000000000e+02
1.685082579648313299e+02 5.143059515953063965e+01 9.060000000000000000e+02
1.685082579648313299e+02 2.144834852218627930e+01 9.070000000000000000e+02
1.685082579648313299e+02 1.778576374053955078e-01 9.080000000000000000e+02
1.685082579648313299e+02 2.188366746902465820e+01 9.090000000000000000e+02
1.685082579648313299e+02 6.454877686500549316e+01 9.100000000000000000e+02
1.685082579648313299e+02 6.302693343162536621e+01 9.110000000000000000e+02
1.685082579648313299e+02 5.246579599380493164e+01 9.120000000000000000e+02
1.685082579648313299e+02 1.495282649993896484e-01 9.130000000000000000e+02
1.685082579648313299e+02 1.880815267562866211e+01 9.140000000000000000e+02
1.685082579648313299e+02 1.414474201202392578e+01 9.150000000000000000e+02
1.685082579648313299e+02 6.340190744400024414e+01 9.160000000000000000e+02
1.685082579648313299e+02 5.233868765830993652e+01 9.170000000000000000e+02
1.685082579648313299e+02 5.254684591293334961e+01 9.180000000000000000e+02
1.685082579648313299e+02 1.744335746765136719e+01 9.190000000000000000e+02
1.685082579648313299e+02 1.819993329048156738e+01 9.200000000000000000e+02
1.685082579648313299e+02 1.461637139320373535e+01 9.210000000000000000e+02
1.685082579648313299e+02 2.087578773498535156e+00 9.220000000000000000e+02
1.685082579648313299e+02 6.484592723846435547e+01 9.230000000000000000e+02
1.685082579648313299e+02 5.205080819129943848e+01 9.240000000000000000e+02
1.685082579648313299e+02 2.044076037406921387e+01 9.250000000000000000e+02
1.685082579648313299e+02 1.814553165435791016e+01 9.260000000000000000e+02
1.685082579648313299e+02 1.825547504425048828e+01 9.270000000000000000e+02
1.685082579648313299e+02 6.351664924621582031e+01 9.280000000000000000e+02
1.685082579648313299e+02 5.222069144248962402e+01 9.290000000000000000e+02
1.685082579648313299e+02 6.515899395942687988e+01 9.300000000000000000e+02
1.685082579648313299e+02 1.370120382308959961e+01 9.310000000000000000e+02
1.685082579648313299e+02 2.125573539733886719e+01 9.320000000000000000e+02
1.685082579648313299e+02 2.115161347389221191e+01 9.330000000000000000e+02
1.686856952005350649e+02 5.194745230674743652e+01 9.340000000000000000e+02
1.686856952005350649e+02 6.321368813514709473e+01 9.350000000000000000e+02
1.686856952005350649e+02 5.347629928588867188e+01 9.360000000000000000e+02
1.686856952005350649e+02 2.171148061752319336e+01 9.370000000000000000e+02
1.686856952005350649e+02 1.938617229461669922e+00 9.380000000000000000e+02
1.686856952005350649e+02 2.240797162055969238e+01 9.390000000000000000e+02
1.686856952005350649e+02 6.532122111320495605e+01 9.400000000000000000e+02
1.686856952005350649e+02 5.223792600631713867e+01 9.410000000000000000e+02
1.686856952005350649e+02 6.517517018318176270e+01 9.420000000000000000e+02
1.686856952005350649e+02 1.213350296020507812e-01 9.430000000000000000e+02
1.686856952005350649e+02 2.106142616271972656e+01 9.440000000000000000e+02
1.686856952005350649e+02 1.751436948776245117e+01 9.450000000000000000e+02
1.686856952005350649e+02 5.159222722053527832e+01 9.460000000000000000e+02
1.686856952005350649e+02 6.512293338775634766e+01 9.470000000000000000e+02
1.686856952005350649e+02 5.609958124160766602e+01 9.480000000000000000e+02
1.686856952005350649e+02 1.744210314750671387e+01 9.490000000000000000e+02
1.686856952005350649e+02 1.872013998031616211e+01 9.500000000000000000e+02
1.686856952005350649e+02 1.704184556007385254e+01 9.510000000000000000e+02
1.686856952005350649e+02 6.674343347549438477e+01 9.520000000000000000e+02
1.686856952005350649e+02 5.193054842948913574e+01 9.530000000000000000e+02
1.686856952005350649e+02 6.377705001831054688e+01 9.540000000000000000e+02
1.686856952005350649e+02 2.125393319129943848e+01 9.550000000000000000e+02
1.686856952005350649e+02 1.784845209121704102e+01 9.560000000000000000e+02
1.686856952005350649e+02 1.888119602203369141e+01 9.570000000000000000e+02
1.686856952005350649e+02 2.149858498573303223e+01 9.580000000000000000e+02
1.686856952005350649e+02 6.491050744056701660e+01 9.590000000000000000e+02
1.686856952005350649e+02 5.214829158782958984e+01 9.600000000000000000e+02
1.686856952005350649e+02 1.740948605537414551e+01 9.610000000000000000e+02
1.686856952005350649e+02 2.027328014373779297e-01 9.620000000000000000e+02
1.686856952005350649e+02 2.026694607734680176e+01 9.630000000000000000e+02
1.686856952005350649e+02 6.461800503730773926e+01 9.640000000000000000e+02
1.731073132613867926e+02 7.202694797515869141e+01 9.650000000000000000e+02
1.731073132613867926e+02 8.977718114852905273e+00 9.660000000000000000e+02
1.731073132613867926e+02 2.161140370368957520e+01 9.670000000000000000e+02
1.731073132613867926e+02 1.874624204635620117e+01 9.680000000000000000e+02
1.731073132613867926e+02 1.736473536491394043e+01 9.690000000000000000e+02
1.731073132613867926e+02 6.510233211517333984e+01 9.700000000000000000e+02
1.731073132613867926e+02 4.276224422454833984e+01 9.710000000000000000e+02
1.731073132613867926e+02 5.190013813972473145e+01 9.720000000000000000e+02
1.731073132613867926e+02 9.876434803009033203e-01 9.730000000000000000e+02
1.731073132613867926e+02 1.963180637359619141e+01 9.740000000000000000e+02
1.731073132613867926e+02 6.522510051727294922e-01 9.750000000000000000e+02
1.731073132613867926e+02 6.661333346366882324e+01 9.760000000000000000e+02
1.731073132613867926e+02 5.191603446006774902e+01 9.770000000000000000e+02
1.731073132613867926e+02 7.136496663093566895e+01 9.780000000000000000e+02
1.731073132613867926e+02 2.284422516822814941e+01 9.790000000000000000e+02
1.731073132613867926e+02 2.110659337043762207e+01 9.800000000000000000e+02
1.731073132613867926e+02 1.721866941452026367e+01 9.810000000000000000e+02
1.731073132613867926e+02 6.463616824150085449e+01 9.820000000000000000e+02
1.731073132613867926e+02 6.127957868576049805e+01 9.830000000000000000e+02
1.731073132613867926e+02 5.267775559425354004e+01 9.840000000000000000e+02
1.731073132613867926e+02 5.574678897857666016e+00 9.850000000000000000e+02
1.731073132613867926e+02 1.871989417076110840e+01 9.860000000000000000e+02
1.731073132613867926e+02 1.448492693901062012e+01 9.870000000000000000e+02
1.731073132613867926e+02 7.142452907562255859e+01 9.880000000000000000e+02
1.731073132613867926e+02 5.342718696594238281e+01 9.890000000000000000e+02
1.731073132613867926e+02 1.797356581687927246e+01 9.900000000000000000e+02
1.731073132613867926e+02 1.739725351333618164e+01 9.910000000000000000e+02
1.731073132613867926e+02 1.452240753173828125e+01 9.920000000000000000e+02
1.731073132613867926e+02 1.876624655723571777e+01 9.930000000000000000e+02
1.731073132613867926e+02 5.242108130455017090e+01 9.940000000000000000e+02
1.731073132613867926e+02 6.055280327796936035e+01 9.950000000000000000e+02
1.731073132613867926e+02 5.237681746482849121e+01 9.960000000000000000e+02
1.731073132613867926e+02 1.731602549552917480e+01 9.970000000000000000e+02
1.731073132613867926e+02 9.742329120635986328e-01 9.980000000000000000e+02
1.731073132613867926e+02 1.449798393249511719e+01 9.990000000000000000e+02
1.731073132613867926e+02 7.157965111732482910e+01 1.000000000000000000e+03
1.731073132613867926e+02 6.644839763641357422e+01 1.001000000000000000e+03
1.731073132613867926e+02 6.345010805130004883e+01 1.002000000000000000e+03
1.731073132613867926e+02 2.654922008514404297e-01 1.003000000000000000e+03
1.731073132613867926e+02 2.114480948448181152e+01 1.004000000000000000e+03
1.731073132613867926e+02 1.451265573501586914e+01 1.005000000000000000e+03
1.731073132613867926e+02 6.495831346511840820e+01 1.006000000000000000e+03
1.731073132613867926e+02 7.167838883399963379e+01 1.007000000000000000e+03
1.731073132613867926e+02 3.156273365020751953e-01 1.008000000000000000e+03
1.731073132613867926e+02 1.422788238525390625e+01 1.009000000000000000e+03
1.731073132613867926e+02 1.975741934776306152e+01 1.010000000000000000e+03
1.731073132613867926e+02 1.866267323493957520e+01 1.011000000000000000e+03
1.731073132613867926e+02 5.603294658660888672e+01 1.012000000000000000e+03
1.731073132613867926e+02 5.344845223426818848e+01 1.013000000000000000e+03
1.731073132613867926e+02 7.124481248855590820e+01 1.014000000000000000e+03
1.731073132613867926e+02 1.872862505912780762e+01 1.015000000000000000e+03
1.731073132613867926e+02 4.009172916412353516e-01 1.016000000000000000e+03
1.731073132613867926e+02 1.454736328125000000e+01 1.017000000000000000e+03
1.731073132613867926e+02 5.166856169700622559e+01 1.018000000000000000e+03
1.731073132613867926e+02 7.199030137062072754e+01 1.019000000000000000e+03
1.731073132613867926e+02 6.652965211868286133e+01 1.020000000000000000e+03
1.731073132613867926e+02 1.286594057083129883e+01 1.021000000000000000e+03
1.731073132613867926e+02 1.822561597824096680e+01 1.022000000000000000e+03
1.731073132613867926e+02 1.461069869995117188e+01 1.023000000000000000e+03
1.731073132613867926e+02 7.326270318031311035e+01 1.024000000000000000e+03
1.731073132613867926e+02 5.136828827857971191e+01 1.025000000000000000e+03
1.731073132613867926e+02 6.349052977561950684e+01 1.026000000000000000e+03
1.731073132613867926e+02 1.974955773353576660e+01 1.027000000000000000e+03
1.731073132613867926e+02 1.635725283622741699e+01 1.028000000000000000e+03
1.731073132613867926e+02 1.743467831611633301e+01 1.029000000000000000e+03
1.731073132613867926e+02 6.451055002212524414e+01 1.030000000000000000e+03
1.731073132613867926e+02 6.251513433456420898e+01 1.031000000000000000e+03
1.731073132613867926e+02 6.041700172424316406e+01 1.032000000000000000e+03
1.731073132613867926e+02 1.681568455696105957e+01 1.033000000000000000e+03
1.731073132613867926e+02 1.789853382110595703e+01 1.034000000000000000e+03
1.731073132613867926e+02 1.435178089141845703e+01 1.035000000000000000e+03
1.731073132613867926e+02 6.312966561317443848e+01 1.036000000000000000e+03
1.731073132613867926e+02 7.301980447769165039e+01 1.037000000000000000e+03
1.731073132613867926e+02 6.508050727844238281e+01 1.038000000000000000e+03
1.731073132613867926e+02 1.734658408164978027e+01 1.039000000000000000e+03
1.731073132613867926e+02 2.766306400299072266e+00 1.040000000000000000e+03
1.731073132613867926e+02 1.694326281547546387e+01 1.041000000000000000e+03
1.731073132613867926e+02 5.600317859649658203e+01 1.042000000000000000e+03
1.731073132613867926e+02 7.184586668014526367e+01 1.043000000000000000e+03
1.731073132613867926e+02 4.365284943580627441e+01 1.044000000000000000e+03
1.731073132613867926e+02 2.407033443450927734e+01 1.045000000000000000e+03
1.731073132613867926e+02 1.826996970176696777e+01 1.046000000000000000e+03
1.731073132613867926e+02 1.435766100883483887e+01 1.047000000000000000e+03
1.731073132613867926e+02 6.297382426261901855e+01 1.048000000000000000e+03
1.731073132613867926e+02 5.235033655166625977e+01 1.049000000000000000e+03
1.731073132613867926e+02 6.065817523002624512e+01 1.050000000000000000e+03
1.731073132613867926e+02 1.743108892440795898e+01 1.051000000000000000e+03
1.731073132613867926e+02 1.853095960617065430e+01 1.052000000000000000e+03
1.731073132613867926e+02 1.412127089500427246e+01 1.053000000000000000e+03
1.731073132613867926e+02 6.654122114181518555e+01 1.054000000000000000e+03
1.731073132613867926e+02 7.177831125259399414e+01 1.055000000000000000e+03
1.731073132613867926e+02 5.595592904090881348e+01 1.056000000000000000e+03
1.731073132613867926e+02 1.432666110992431641e+01 1.057000000000000000e+03
1.731073132613867926e+02 1.403532147407531738e+01 1.058000000000000000e+03
1.731073132613867926e+02 1.729441499710083008e+01 1.059000000000000000e+03
1.731073132613867926e+02 6.549820375442504883e+01 1.060000000000000000e+03
1.731073132613867926e+02 5.201603507995605469e+01 1.061000000000000000e+03
1.731073132613867926e+02 7.198632526397705078e+01 1.062000000000000000e+03
1.731073132613867926e+02 2.123154211044311523e+01 1.063000000000000000e+03
1.731073132613867926e+02 1.859533071517944336e+01 1.064000000000000000e+03
1.731073132613867926e+02 1.383092689514160156e+01 1.065000000000000000e+03
1.731073132613867926e+02 6.569648218154907227e+01 1.066000000000000000e+03
1.731073132613867926e+02 7.175794434547424316e+01 1.067000000000000000e+03
1.731073132613867926e+02 5.130014944076538086e+01 1.068000000000000000e+03
1.731073132613867926e+02 2.133245944976806641e+01 1.069000000000000000e+03
1.731073132613867926e+02 1.811313176155090332e+01 1.070000000000000000e+03
1.731073132613867926e+02 1.443323040008544922e+01 1.071000000000000000e+03
1.731073132613867926e+02 7.283494019508361816e+01 1.072000000000000000e+03
1.731073132613867926e+02 6.122704172134399414e+01 1.073000000000000000e+03
1.731073132613867926e+02 7.243343710899353027e+01 1.074000000000000000e+03
1.731073132613867926e+02 2.173046588897705078e+01 1.075000000000000000e+03
1.731073132613867926e+02 8.532879352569580078e-01 1.076000000000000000e+03
1.731073132613867926e+02 1.344807791709899902e+01 1.077000000000000000e+03
1.731073132613867926e+02 5.529031991958618164e+00 1.078000000000000000e+03
1.731073132613867926e+02 7.190798234939575195e+01 1.079000000000000000e+03
1.731073132613867926e+02 5.215892338752746582e+01 1.080000000000000000e+03
1.731073132613867926e+02 1.297279596328735352e+00 1.081000000000000000e+03
1.731073132613867926e+02 1.393771481513977051e+01 1.082000000000000000e+03
1.731073132613867926e+02 1.442109394073486328e+01 1.083000000000000000e+03
1.731073132613867926e+02 3.283157348632812500e-01 1.084000000000000000e+03
1.731073132613867926e+02 5.200502848625183105e+01 1.085000000000000000e+03
1.731073132613867926e+02 6.106617999076843262e+01 1.086000000000000000e+03
1.731073132613867926e+02 2.098960924148559570e+01 1.087000000000000000e+03
1.731073132613867926e+02 1.682897543907165527e+01 1.088000000000000000e+03
1.731073132613867926e+02 1.424643921852111816e+01 1.089000000000000000e+03
1.731073132613867926e+02 6.507629060745239258e+01 1.090000000000000000e+03
1.731073132613867926e+02 7.196257567405700684e+01 1.091000000000000000e+03
1.731073132613867926e+02 6.032275629043579102e+01 1.092000000000000000e+03
1.731073132613867926e+02 2.147182106971740723e+01 1.093000000000000000e+03
1.731073132613867926e+02 1.880023360252380371e+01 1.094000000000000000e+03
1.731073132613867926e+02 1.736653399467468262e+01 1.095000000000000000e+03
1.731073132613867926e+02 6.665217137336730957e+01 1.096000000000000000e+03
1.731073132613867926e+02 5.368442010879516602e+01 1.097000000000000000e+03
1.731073132613867926e+02 7.305832362174987793e+01 1.098000000000000000e+03
1.731073132613867926e+02 2.167340445518493652e+01 1.099000000000000000e+03
1.731073132613867926e+02 8.476779222488403320e+00 1.100000000000000000e+03
1.731073132613867926e+02 1.280316686630249023e+01 1.101000000000000000e+03
1.731073132613867926e+02 5.354136419296264648e+01 1.102000000000000000e+03
1.731073132613867926e+02 7.067533469200134277e+01 1.103000000000000000e+03
1.731073132613867926e+02 6.301918148994445801e+01 1.104000000000000000e+03
1.731073132613867926e+02 1.660960984230041504e+01 1.105000000000000000e+03
1.731073132613867926e+02 1.826656961441040039e+01 1.106000000000000000e+03
1.731073132613867926e+02 2.128377914428710938e+01 1.107000000000000000e+03
1.731073132613867926e+02 7.492691779136657715e+01 1.108000000000000000e+03
1.731073132613867926e+02 3.756587505340576172e-01 1.109000000000000000e+03
1.731073132613867926e+02 7.313055515289306641e+01 1.110000000000000000e+03
1.731073132613867926e+02 1.700603985786437988e+01 1.111000000000000000e+03
1.731073132613867926e+02 1.870226097106933594e+01 1.112000000000000000e+03
1.731073132613867926e+02 2.281596970558166504e+01 1.113000000000000000e+03
1.731073132613867926e+02 5.188752722740173340e+01 1.114000000000000000e+03
1.731073132613867926e+02 6.329754924774169922e+01 1.115000000000000000e+03
1.731073132613867926e+02 6.520404601097106934e+01 1.116000000000000000e+03
1.731073132613867926e+02 2.170387911796569824e+01 1.117000000000000000e+03
1.731073132613867926e+02 1.868137335777282715e+01 1.118000000000000000e+03
1.731073132613867926e+02 2.134744882583618164e+01 1.119000000000000000e+03
1.731073132613867926e+02 7.126104831695556641e-01 1.120000000000000000e+03
1.731073132613867926e+02 6.460908222198486328e+01 1.121000000000000000e+03
1.731073132613867926e+02 6.135697793960571289e+01 1.122000000000000000e+03
1.731073132613867926e+02 1.446869063377380371e+01 1.123000000000000000e+03
1.731073132613867926e+02 2.125281643867492676e+01 1.124000000000000000e+03
1.731073132613867926e+02 1.702605152130126953e+01 1.125000000000000000e+03
1.731073132613867926e+02 6.628776621818542480e+01 1.126000000000000000e+03
1.731073132613867926e+02 7.193025994300842285e+01 1.127000000000000000e+03
1.731073132613867926e+02 4.452145171165466309e+01 1.128000000000000000e+03
1.731073132613867926e+02 1.750002598762512207e+01 1.129000000000000000e+03
1.731073132613867926e+02 2.127735042572021484e+01 1.130000000000000000e+03
1.731073132613867926e+02 1.582473230361938477e+01 1.131000000000000000e+03
1.731073132613867926e+02 6.513332843780517578e+01 1.132000000000000000e+03
1.731073132613867926e+02 6.524616169929504395e+01 1.133000000000000000e+03
1.731073132613867926e+02 8.554231882095336914e+01 1.134000000000000000e+03
1.731073132613867926e+02 1.905798912048339844e-01 1.135000000000000000e+03
1.731073132613867926e+02 1.827577328681945801e+01 1.136000000000000000e+03
1.731073132613867926e+02 1.852850389480590820e+01 1.137000000000000000e+03
1.731073132613867926e+02 5.268202924728393555e+01 1.138000000000000000e+03
1.731073132613867926e+02 7.186088991165161133e+01 1.139000000000000000e+03
1.731073132613867926e+02 5.212054610252380371e+01 1.140000000000000000e+03
1.731073132613867926e+02 1.548666000366210938e+00 1.141000000000000000e+03
1.731073132613867926e+02 1.852983951568603516e+01 1.142000000000000000e+03
1.731073132613867926e+02 1.444674444198608398e+01 1.143000000000000000e+03
1.731073132613867926e+02 6.533439373970031738e+01 1.144000000000000000e+03
1.731073132613867926e+02 5.275166630744934082e+01 1.145000000000000000e+03
1.731073132613867926e+02 7.240808510780334473e+01 1.146000000000000000e+03
1.731073132613867926e+02 1.727883887290954590e+01 1.147000000000000000e+03
1.731073132613867926e+02 2.434541225433349609e+01 1.148000000000000000e+03
1.731073132613867926e+02 1.877983260154724121e+01 1.149000000000000000e+03
1.731073132613867926e+02 6.437898874282836914e+00 1.150000000000000000e+03
1.731073132613867926e+02 7.202300024032592773e+01 1.151000000000000000e+03
1.731073132613867926e+02 7.303639888763427734e+01 1.152000000000000000e+03
1.731073132613867926e+02 1.737326264381408691e+01 1.153000000000000000e+03
1.731073132613867926e+02 2.355170249938964844e-01 1.154000000000000000e+03
1.731073132613867926e+02 1.830405712127685547e+00 1.155000000000000000e+03
1.731073132613867926e+02 6.317194628715515137e+01 1.156000000000000000e+03
1.731073132613867926e+02 5.215137529373168945e+01 1.157000000000000000e+03
1.731073132613867926e+02 5.187843370437622070e+01 1.158000000000000000e+03
1.731073132613867926e+02 1.730182075500488281e+01 1.159000000000000000e+03
1.731073132613867926e+02 2.172547793388366699e+01 1.160000000000000000e+03
1.731073132613867926e+02 2.162524509429931641e+01 1.161000000000000000e+03
1.731073132613867926e+02 5.679386377334594727e+00 1.162000000000000000e+03
1.731073132613867926e+02 6.339951372146606445e+01 1.163000000000000000e+03
1.731073132613867926e+02 5.221337389945983887e+01 1.164000000000000000e+03
1.731073132613867926e+02 2.558132767677307129e+01 1.165000000000000000e+03
1.731073132613867926e+02 1.823972415924072266e+01 1.166000000000000000e+03
1.731073132613867926e+02 1.446028923988342285e+01 1.167000000000000000e+03
1.731073132613867926e+02 5.594083261489868164e+01 1.168000000000000000e+03
1.731073132613867926e+02 6.119202351570129395e+01 1.169000000000000000e+03
1.731073132613867926e+02 7.768028926849365234e+01 1.170000000000000000e+03
1.731073132613867926e+02 1.852796053886413574e+01 1.171000000000000000e+03
1.731073132613867926e+02 1.833503890037536621e+01 1.172000000000000000e+03
1.731073132613867926e+02 1.736899662017822266e+01 1.173000000000000000e+03
1.731073132613867926e+02 4.382868862152099609e+01 1.174000000000000000e+03
1.731073132613867926e+02 7.322937798500061035e+01 1.175000000000000000e+03
1.731073132613867926e+02 5.340802812576293945e+01 1.176000000000000000e+03
1.731073132613867926e+02 2.505126404762268066e+01 1.177000000000000000e+03
1.731073132613867926e+02 1.991637682914733887e+01 1.178000000000000000e+03
1.731073132613867926e+02 1.683040118217468262e+01 1.179000000000000000e+03
1.731073132613867926e+02 5.360770750045776367e+01 1.180000000000000000e+03
1.731073132613867926e+02 6.202366399765014648e+01 1.181000000000000000e+03
1.731073132613867926e+02 6.301393103599548340e+01 1.182000000000000000e+03
1.731073132613867926e+02 1.732744455337524414e+01 1.183000000000000000e+03
1.731073132613867926e+02 4.335315942764282227e+00 1.184000000000000000e+03
1.731073132613867926e+02 2.079863190650939941e+01 1.185000000000000000e+03
1.731073132613867926e+02 3.667088508605957031e+00 1.186000000000000000e+03
1.731073132613867926e+02 7.116876244544982910e+01 1.187000000000000000e+03
1.731073132613867926e+02 5.193945860862731934e+01 1.188000000000000000e+03
1.731073132613867926e+02 2.144552779197692871e+01 1.189000000000000000e+03
1.731073132613867926e+02 2.189316749572753906e-01 1.190000000000000000e+03
1.731073132613867926e+02 1.863669657707214355e+01 1.191000000000000000e+03
1.731073132613867926e+02 5.617896795272827148e+01 1.192000000000000000e+03
1.731073132613867926e+02 6.506245756149291992e+01 1.193000000000000000e+03
1.731073132613867926e+02 6.065123462677001953e+01 1.194000000000000000e+03
1.731073132613867926e+02 2.161670041084289551e+01 1.195000000000000000e+03
1.731073132613867926e+02 1.670672893524169922e-01 1.196000000000000000e+03
1.731073132613867926e+02 1.304711341857910156e+00 1.197000000000000000e+03
1.731073132613867926e+02 7.242731332778930664e+00 1.198000000000000000e+03
1.731073132613867926e+02 7.294151329994201660e+01 1.199000000000000000e+03
1.731073132613867926e+02 6.663134694099426270e+01 1.200000000000000000e+03
1.731073132613867926e+02 2.152664852142333984e+01 1.201000000000000000e+03
1.731073132613867926e+02 1.478536128997802734e-01 1.202000000000000000e+03
1.731073132613867926e+02 1.390745139122009277e+01 1.203000000000000000e+03
1.731073132613867926e+02 6.341921305656433105e+01 1.204000000000000000e+03
1.731073132613867926e+02 5.331475734710693359e-01 1.205000000000000000e+03
1.731073132613867926e+02 7.456480574607849121e+01 1.206000000000000000e+03
1.731073132613867926e+02 1.726603722572326660e+01 1.207000000000000000e+03
1.731073132613867926e+02 2.103641963005065918e+01 1.208000000000000000e+03
1.731073132613867926e+02 1.774222850799560547e-01 1.209000000000000000e+03
1.731073132613867926e+02 6.451957106590270996e+01 1.210000000000000000e+03
1.731073132613867926e+02 5.929968070983886719e+01 1.211000000000000000e+03
1.731073132613867926e+02 7.898399043083190918e+01 1.212000000000000000e+03
1.731073132613867926e+02 2.135954427719116211e+01 1.213000000000000000e+03
1.731073132613867926e+02 2.165334320068359375e+01 1.214000000000000000e+03
1.731073132613867926e+02 1.355907034873962402e+01 1.215000000000000000e+03
1.731073132613867926e+02 6.282210445404052734e+01 1.216000000000000000e+03
1.731073132613867926e+02 5.200685119628906250e+01 1.217000000000000000e+03
1.731073132613867926e+02 7.194604372978210449e+01 1.218000000000000000e+03
1.731073132613867926e+02 1.684302091598510742e+00 1.219000000000000000e+03
1.731073132613867926e+02 1.789294767379760742e+01 1.220000000000000000e+03
1.731073132613867926e+02 1.447739315032958984e+01 1.221000000000000000e+03
1.731073132613867926e+02 4.871943521499633789e+01 1.222000000000000000e+03
1.731073132613867926e+02 7.308783245086669922e+01 1.223000000000000000e+03
1.731073132613867926e+02 5.560009479522705078e-01 1.224000000000000000e+03
1.731073132613867926e+02 1.735715484619140625e+01 1.225000000000000000e+03
1.731073132613867926e+02 1.875065398216247559e+01 1.226000000000000000e+03
1.731073132613867926e+02 1.376121997833251953e+01 1.227000000000000000e+03
1.731073132613867926e+02 5.336451816558837891e+01 1.228000000000000000e+03
1.731073132613867926e+02 6.134136962890625000e+01 1.229000000000000000e+03
1.731073132613867926e+02 7.140028166770935059e+01 1.230000000000000000e+03
1.731073132613867926e+02 1.747737336158752441e+01 1.231000000000000000e+03
1.731073132613867926e+02 1.882331466674804688e+01 1.232000000000000000e+03
1.731073132613867926e+02 1.451982641220092773e+01 1.233000000000000000e+03
1.731073132613867926e+02 5.987638473510742188e+00 1.234000000000000000e+03
1.731073132613867926e+02 7.199173760414123535e+01 1.235000000000000000e+03
1.731073132613867926e+02 5.230684256553649902e+01 1.236000000000000000e+03
1.731073132613867926e+02 2.136877846717834473e+01 1.237000000000000000e+03
1.731073132613867926e+02 1.517784357070922852e+00 1.238000000000000000e+03
1.731073132613867926e+02 1.364665317535400391e+01 1.239000000000000000e+03
1.731073132613867926e+02 7.449534416198730469e+01 1.240000000000000000e+03
1.731073132613867926e+02 5.165683913230895996e+01 1.241000000000000000e+03
1.731073132613867926e+02 6.141036176681518555e+01 1.242000000000000000e+03
1.731073132613867926e+02 2.388454627990722656e+01 1.243000000000000000e+03
1.731073132613867926e+02 1.754479527473449707e+01 1.244000000000000000e+03
1.731073132613867926e+02 1.723157405853271484e+01 1.245000000000000000e+03
1.731073132613867926e+02 6.678250908851623535e+01 1.246000000000000000e+03
1.731073132613867926e+02 5.463100552558898926e+01 1.247000000000000000e+03
1.731073132613867926e+02 5.120902085304260254e+01 1.248000000000000000e+03
1.731073132613867926e+02 1.658124732971191406e+01 1.249000000000000000e+03
1.731073132613867926e+02 2.053462481498718262e+01 1.250000000000000000e+03
1.731073132613867926e+02 1.347389793395996094e+01 1.251000000000000000e+03
1.731073132613867926e+02 7.481414365768432617e+01 1.252000000000000000e+03
1.731073132613867926e+02 6.462447190284729004e+01 1.253000000000000000e+03
1.731073132613867926e+02 7.316492319107055664e+01 1.254000000000000000e+03
1.731073132613867926e+02 1.339762687683105469e+01 1.255000000000000000e+03
1.731073132613867926e+02 1.603051400184631348e+01 1.256000000000000000e+03
1.731073132613867926e+02 1.744380259513854980e+01 1.257000000000000000e+03
1.731073132613867926e+02 1.044897794723510742e+00 1.258000000000000000e+03
1.731073132613867926e+02 6.070283603668212891e+01 1.259000000000000000e+03
1.731073132613867926e+02 5.199095964431762695e+01 1.260000000000000000e+03
1.731073132613867926e+02 1.720670270919799805e+01 1.261000000000000000e+03
1.731073132613867926e+02 1.819090151786804199e+01 1.262000000000000000e+03
1.731073132613867926e+02 1.630927348136901855e+01 1.263000000000000000e+03
1.731073132613867926e+02 6.460063576698303223e+01 1.264000000000000000e+03
1.731960318792386602e+02 5.161467719078063965e+01 1.265000000000000000e+03
1.731960318792386602e+02 6.534364962577819824e+01 1.266000000000000000e+03
1.731960318792386602e+02 1.707851958274841309e+01 1.267000000000000000e+03
1.731960318792386602e+02 1.807348299026489258e+01 1.268000000000000000e+03
1.731960318792386602e+02 1.732867980003356934e+01 1.269000000000000000e+03
1.731960318792386602e+02 5.347965574264526367e+01 1.270000000000000000e+03
