4.001340595829654490e+01 2.438632249832153320e+00 1.000000000000000000e+00
4.001340595829654490e+01 2.366932153701782227e+00 2.000000000000000000e+00
6.666495569319080516e+01 2.455277442932128906e-01 3.000000000000000000e+00
1.849978365161213958e+02 6.725769042968750000e-01 4.000000000000000000e+00
1.849978365161213958e+02 2.917121648788452148e+00 5.000000000000000000e+00
1.849978365161213958e+02 6.319460868835449219e-01 6.000000000000000000e+00
1.849978365161213958e+02 3.973205089569091797e-01 7.000000000000000000e+00
1.849978365161213958e+02 2.073014259338378906e+00 8.000000000000000000e+00
1.849978365161213958e+02 2.358391284942626953e-01 9.000000000000000000e+00
1.849978365161213958e+02 3.322165966033935547e+00 1.000000000000000000e+01
1.849978365161213958e+02 5.426838397979736328e-01 1.100000000000000000e+01
2.029767067400931353e+02 3.916459321975708008e+00 1.200000000000000000e+01
2.029767067400931353e+02 1.435844898223876953e-01 1.300000000000000000e+01
2.029767067400931353e+02 2.424714326858520508e+00 1.400000000000000000e+01
2.029767067400931353e+02 5.600142478942871094e-01 1.500000000000000000e+01
2.029767067400931353e+02 8.042116165161132812e-01 1.600000000000000000e+01
