6.482366134165028271e+00 -9.058333333333334281e+01
6.434987189975865718e+00 -9.126666666666666572e+01
4.584150230623755817e+00 -7.312500000000000000e+01
4.584150230623755817e+00 -8.520833333333332860e+01
6.471937830116853085e+00 -9.983333333333332504e+00
4.343861363288638699e+00 -7.532500000000000284e+01
5.975857162777372444e+00 -8.964166666666666572e+01
4.598801446032946494e+00 -3.365000000000000568e+01
4.584523447607513624e+00 -7.196666666666666856e+01
6.379115801150549991e+00 -8.995833333333332860e+01
4.336219504572428995e+00 -8.697500000000000853e+01
5.535443501779934827e+00 -6.873333333333333428e+01
5.246754551980176373e+00 -8.929999999999999716e+01
4.989796758657381481e+00 -9.733333333333332504e+00
5.298206609739117390e+00 -9.199166666666667425e+01
4.327542831932522205e+00 -7.514166666666666572e+01
6.379115801150549991e+00 -4.853333333333333144e+01
4.541404492622214129e+00 -8.947500000000000853e+01
5.047048897575720616e+00 -9.733333333333332504e+00
4.988103913260223621e+00 -9.733333333333332504e+00
5.459302000316064607e+00 -8.960000000000000853e+01
5.437652280686303463e+00 -9.163333333333333997e+01
4.328889039839560304e+00 -7.658333333333334281e+01
5.276452612658372843e+00 -9.118333333333333712e+01
4.855349523582764171e+00 -6.942499999999999716e+01
4.723348932486977070e+00 -8.880833333333333712e+01
4.555529734581363677e+00 -4.203333333333333144e+01
4.326315374856816831e+00 -8.722499999999999432e+01
4.962099297694575917e+00 -9.139166666666666572e+01
4.276806345628762607e+00 -8.857500000000000284e+01
5.288334197641479939e+00 -9.122499999999999432e+01
5.832886201773924029e+00 -9.162500000000000000e+01
4.557170222298513984e+00 -4.935000000000000142e+01
4.875634154083084759e+00 -8.800000000000000000e+01
4.743501925407101361e+00 -9.050000000000000000e+01
4.962099297694575917e+00 -9.082500000000000284e+01
5.071605884917739004e+00 -9.101666666666666572e+01
4.657963669366345094e+00 -8.840000000000000568e+01
5.001595270193258891e+00 -8.612500000000000000e+01
4.861349183896713555e+00 -8.906666666666667709e+01
4.962099297694575917e+00 -9.090833333333333144e+01
5.113833094328095186e+00 -9.141666666666667140e+01
5.158609728288262808e+00 -9.031666666666666288e+01
4.488240395314034181e+00 -8.779999999999999716e+01
4.658297650308189652e+00 -6.766666666666665719e+01
5.586103235445237125e+00 -9.202500000000000568e+01
4.963707569862925162e+00 -9.076666666666666572e+01
4.972674842316311405e+00 -9.084999999999999432e+01
4.988179786981004504e+00 -4.147500000000000142e+01
4.408002395550655095e+00 -7.844166666666666288e+01
4.577169981014123756e+00 -6.065833333333333854e+01
4.446552699502675843e+00 -8.919166666666666288e+01
4.962099297694575917e+00 -9.034166666666666856e+01
4.276806345628762607e+00 -8.822499999999999432e+01
5.015979733361615622e+00 -8.918333333333333712e+01
4.381764682017124102e+00 -3.327499999999999858e+01
4.588742171107467627e+00 -6.525833333333332575e+01
4.945448888790316744e+00 -8.940000000000000568e+01
4.329601248356518717e+00 -8.870833333333332860e+01
4.249076003683611269e+00 -8.728333333333333144e+01
5.146140443914746676e+00 -8.999166666666667425e+01
5.156797421690227701e+00 -9.021666666666666856e+01
4.560098007426299560e+00 -3.497500000000000142e+01
4.897489634577186557e+00 -8.788333333333333997e+01
4.959279950130938808e+00 -9.081666666666666288e+01
5.139214548268379978e+00 -9.071666666666666856e+01
5.016586287078003359e+00 -7.471666666666666856e+01
4.533238074060297329e+00 -8.680833333333333712e+01
5.178844625506923371e+00 -7.693333333333333712e+01
5.173396078144857135e+00 -9.140833333333333144e+01
4.302742079723162583e+00 -8.870000000000000284e+01
4.959832900110153986e+00 -5.797500000000000142e+01
5.345089336334675423e+00 -9.102500000000000568e+01
4.505122834066519921e+00 -8.320000000000000284e+01
4.472697954538768172e+00 -4.418333333333333712e+01
4.500387435921182622e+00 -2.672499999999999787e+01
