2.071393215656280518e+02 1.374723343468845371e+02
3.697808494567871094e+02 1.428335024615359998e+02
3.815776808261871338e+02 2.781759551141590237e+02
4.176722097396850586e+02 3.005402350396636848e+02
4.767169857025146484e+02 3.005402350396636848e+02
5.131560580730438232e+02 3.186399939716814060e+02
9.370542440414428711e+02 3.206754704255947104e+02
1.123573227405548096e+03 3.206754704255947104e+02
1.133561781883239746e+03 3.206754704255947104e+02
2.215572665452957153e+03 3.206931630320560771e+02
2.251340879201889038e+03 3.266158612451572480e+02
3.332406523466110229e+03 3.266158612451572480e+02
3.747518956422805786e+03 3.283110248152606800e+02
3.935519312620162964e+03 3.283110248152606800e+02
3.995011072635650635e+03 3.323309314652446460e+02
4.031335810184478760e+03 3.329829111085282989e+02
5.115330739021301270e+03 3.329829111085282989e+02
5.298101544141769409e+03 3.347552903670310229e+02
5.619650279045104980e+03 3.347552903670310229e+02
5.806275505781173706e+03 3.347552903670310229e+02
6.270125612497329712e+03 3.347552903670310229e+02
7.604468298912048340e+03 3.347552903670310229e+02
7.635311940193176270e+03 3.347658584536875424e+02
1.032051261520385742e+04 3.348030215320338243e+02
1.033530810189247131e+04 3.348030215320338243e+02
1.054625273942947388e+04 3.348030215320338243e+02
1.055817110514640808e+04 3.348030215320338243e+02
1.059428733992576599e+04 3.350556577635503004e+02
1.238086740398406982e+04 3.356627003666227438e+02
1.259516625070571899e+04 3.403383329394809493e+02
1.277817919969558716e+04 3.403383329394809493e+02
1.298675370454788208e+04 3.403383329394809493e+02
1.299853534197807312e+04 3.403383329394809493e+02
1.443021897053718567e+04 3.403383329394809493e+02
1.469410974240303040e+04 3.405623952460756527e+02
1.648121364760398865e+04 3.405623952460756527e+02
1.666373180437088013e+04 3.405623952460756527e+02
1.687507422018051147e+04 3.405623952460756527e+02
1.688801725578308105e+04 3.405623952460756527e+02
1.710453304290771484e+04 3.405623952460756527e+02
1.889018968629837036e+04 3.405623952460756527e+02
2.067669102168083191e+04 3.405670045839609088e+02
2.087784282302856445e+04 3.405670045839609088e+02
2.095087078332901001e+04 3.405670045839609088e+02
2.096272876930236816e+04 3.405670045839609088e+02
2.113516223883628845e+04 3.406474678094460842e+02
2.292211875653266907e+04 3.406474678094460842e+02
2.359923296976089478e+04 3.406474678094460842e+02
2.361463770461082458e+04 3.406474678094460842e+02
2.369445809936523438e+04 3.406474678094460842e+02
2.370757578277587891e+04 3.406474678094460842e+02
2.392197847414016724e+04 3.407059597485364293e+02
2.570916161704063416e+04 3.407059597485364293e+02
2.592343296623229980e+04 3.407059597485364293e+02
2.612319574141502380e+04 3.407059597485364293e+02
2.613549300503730774e+04 3.407059597485364293e+02
2.614725707578659058e+04 3.407059597485364293e+02
2.756942190194129944e+04 3.407059597485364293e+02
2.764959374356269836e+04 3.407215532753559160e+02
2.907162518477439880e+04 3.431419499548019303e+02
2.969878960609436035e+04 3.431419499548019303e+02
2.973862318396568298e+04 3.431419499548019303e+02
2.975041113424301147e+04 3.431419499548019303e+02
3.189232407116889954e+04 3.431419499548019303e+02
3.256348563981056213e+04 3.431428427481970402e+02
3.282310614657402039e+04 3.431428427481970402e+02
3.301907456970214844e+04 3.431428427481970402e+02
3.309659889483451843e+04 3.431428427481970402e+02
3.311146582221984863e+04 3.431428427481970402e+02
3.488729917979240417e+04 3.431428427481970402e+02
3.509482003092765808e+04 3.431462001442762357e+02
4.040161608242988586e+04 3.431462001442762357e+02
4.044224982380867004e+04 3.431462001442762357e+02
4.052021683669090271e+04 3.431462001442762357e+02
4.053170023131370544e+04 3.431462001442762357e+02
4.480181621789932251e+04 3.431462001442762357e+02
