5.298206609739117390e+00 -9.199166666666667425e+01
4.541404492622214129e+00 -8.947500000000000853e+01
4.962099297694575917e+00 -9.139166666666666572e+01
4.276806345628762607e+00 -8.857500000000000284e+01
4.743501925407101361e+00 -9.050000000000000000e+01
5.113833094328095186e+00 -9.141666666666667140e+01
5.586103235445237125e+00 -9.202500000000000568e+01
4.446552699502675843e+00 -8.919166666666666288e+01
4.329601248356518717e+00 -8.870833333333332860e+01
4.249076003683611269e+00 -8.728333333333333144e+01
4.959279950130938808e+00 -9.081666666666666288e+01
4.302742079723162583e+00 -8.870000000000000284e+01
