6.921889135227216050e-01
2.487080097198486328e-01
1.000000000000000000e+00
7.298673320358224359e-01
1.562275886535644531e-01
2.000000000000000000e+00
7.299130375702193030e-01
1.670887470245361328e-01
3.000000000000000000e+00
8.010806660907164867e-01
4.670410156250000000e-01
4.000000000000000000e+00
8.010806660907164867e-01
4.182860851287841797e-01
5.000000000000000000e+00
8.148117033047227453e-01
3.152701854705810547e-01
6.000000000000000000e+00
8.148117033047227453e-01
1.007380485534667969e-01
7.000000000000000000e+00
8.148117033047227453e-01
1.220130920410156250e-01
8.000000000000000000e+00
8.148117033047227453e-01
1.470103263854980469e-01
9.000000000000000000e+00
8.148117033047227453e-01
4.850301742553710938e-01
1.000000000000000000e+01
8.159808585350356580e-01
3.944959640502929688e-01
1.100000000000000000e+01
8.159881322224544764e-01
5.369958877563476562e-01
1.200000000000000000e+01
8.240839995145317065e-01
1.717340946197509766e-01
1.300000000000000000e+01
8.240839995145317065e-01
9.592652320861816406e-02
1.400000000000000000e+01
8.296490523381173654e-01
2.113404273986816406e-01
1.500000000000000000e+01
8.314743517020614094e-01
4.487679004669189453e-01
1.600000000000000000e+01
8.314792521473745035e-01
4.201493263244628906e-01
1.700000000000000000e+01
8.328157132041622557e-01
4.572920799255371094e-01
1.800000000000000000e+01
8.328157132041622557e-01
1.301012039184570312e-01
1.900000000000000000e+01
8.328157132041622557e-01
1.575160026550292969e-01
2.000000000000000000e+01
8.328157132041622557e-01
1.742751598358154297e-01
2.100000000000000000e+01
8.328909915032269851e-01
4.270570278167724609e-01
2.200000000000000000e+01
8.328909915032269851e-01
6.430563926696777344e-01
2.300000000000000000e+01
8.328909915032269851e-01
3.888065814971923828e-01
2.400000000000000000e+01
8.328909915032269851e-01
1.456403732299804688e-01
2.500000000000000000e+01
8.328909915032269851e-01
1.614835262298583984e-01
2.600000000000000000e+01
8.341075987290567095e-01
1.650786399841308594e-01
2.700000000000000000e+01
8.341075987290567095e-01
4.342219829559326172e-01
2.800000000000000000e+01
8.341075987290567095e-01
4.382774829864501953e-01
2.900000000000000000e+01
8.341075987290567095e-01
3.246862888336181641e-01
3.000000000000000000e+01
8.344207729355792580e-01
2.077372074127197266e-01
3.100000000000000000e+01
8.344207729355792580e-01
2.377252578735351562e-01
3.200000000000000000e+01
8.344207729355792580e-01
2.628369331359863281e-01
3.300000000000000000e+01
8.344207729355792580e-01
4.495625495910644531e-01
3.400000000000000000e+01
8.344207729355792580e-01
5.709366798400878906e-01
3.500000000000000000e+01
8.344207729355792580e-01
4.480950832366943359e-01
3.600000000000000000e+01
8.344207729355792580e-01
2.332596778869628906e-01
3.700000000000000000e+01
8.344207729355792580e-01
1.509282588958740234e-01
3.800000000000000000e+01
8.344207729355792580e-01
1.605236530303955078e-01
3.900000000000000000e+01
8.344207729355792580e-01
4.493379592895507812e-01
4.000000000000000000e+01
8.344207729355792580e-01
5.113396644592285156e-01
4.100000000000000000e+01
8.344207729355792580e-01
4.708127975463867188e-01
4.200000000000000000e+01
8.344207729355792580e-01
2.037422657012939453e-01
4.300000000000000000e+01
8.344207729355792580e-01
1.291356086730957031e-01
4.400000000000000000e+01
8.344207729355792580e-01
1.835336685180664062e-01
4.500000000000000000e+01
8.344207729355792580e-01
4.342095851898193359e-01
4.600000000000000000e+01
8.344207729355792580e-01
4.407086372375488281e-01
4.700000000000000000e+01
8.344207729355792580e-01
4.357516765594482422e-01
4.800000000000000000e+01
8.344207729355792580e-01
1.099355220794677734e-01
4.900000000000000000e+01
8.344207729355792580e-01
1.188817024230957031e-01
5.000000000000000000e+01
8.344207729355792580e-01
1.889092922210693359e-01
5.100000000000000000e+01
8.344207729355792580e-01
4.763669967651367188e-01
5.200000000000000000e+01
8.344207729355792580e-01
5.091195106506347656e-01
5.300000000000000000e+01
8.344207729355792580e-01
4.501090049743652344e-01
5.400000000000000000e+01
8.344207729355792580e-01
1.679239273071289062e-01
5.500000000000000000e+01
8.344207729355792580e-01
1.741046905517578125e-01
5.600000000000000000e+01
8.344207729355792580e-01
2.500069141387939453e-01
5.700000000000000000e+01
8.344207729355792580e-01
4.820067882537841797e-01
5.800000000000000000e+01
8.344207729355792580e-01
4.613008499145507812e-01
5.900000000000000000e+01
8.344207729355792580e-01
4.413051605224609375e-01
6.000000000000000000e+01
8.344207729355792580e-01
3.076548576354980469e-01
6.100000000000000000e+01
8.344207729355792580e-01
2.156054973602294922e-01
6.200000000000000000e+01
8.344207729355792580e-01
2.708396911621093750e-01
6.300000000000000000e+01
8.344207729355792580e-01
5.659382343292236328e-01
6.400000000000000000e+01
8.345272507036329834e-01
4.268407821655273438e-01
6.500000000000000000e+01
8.345272507036329834e-01
4.515275955200195312e-01
6.600000000000000000e+01
8.345272507036329834e-01
1.062622070312500000e-01
6.700000000000000000e+01
8.345272507036329834e-01
1.561391353607177734e-01
6.800000000000000000e+01
8.345272507036329834e-01
1.258044242858886719e-01
6.900000000000000000e+01
8.345272507036329834e-01
4.315297603607177734e-01
7.000000000000000000e+01
8.345272507036329834e-01
4.267034530639648438e-01
7.100000000000000000e+01
8.345272507036329834e-01
5.131084918975830078e-01
7.200000000000000000e+01
8.345272507036329834e-01
1.795473098754882812e-01
7.300000000000000000e+01
8.345272507036329834e-01
2.133138179779052734e-01
7.400000000000000000e+01
8.345272507036329834e-01
1.220548152923583984e-01
7.500000000000000000e+01
8.345272507036329834e-01
4.839961528778076172e-01
7.600000000000000000e+01
8.345272507036329834e-01
4.515249729156494141e-01
7.700000000000000000e+01
8.345272507036329834e-01
4.684171676635742188e-01
7.800000000000000000e+01
8.345272507036329834e-01
1.939303874969482422e-01
7.900000000000000000e+01
8.345272507036329834e-01
1.584689617156982422e-01
8.000000000000000000e+01
8.345272507036329834e-01
1.796209812164306641e-01
8.100000000000000000e+01
8.345272507036329834e-01
3.487312793731689453e-01
8.200000000000000000e+01
8.345272507036329834e-01
4.717302322387695312e-01
8.300000000000000000e+01
8.345272507036329834e-01
5.530967712402343750e-01
8.400000000000000000e+01
8.345272507036329834e-01
2.286646366119384766e-01
8.500000000000000000e+01
8.345272507036329834e-01
7.923722267150878906e-02
8.600000000000000000e+01
8.345272507036329834e-01
1.810157299041748047e-01
8.700000000000000000e+01
8.345272507036329834e-01
4.598212242126464844e-01
8.800000000000000000e+01
8.345272507036329834e-01
4.240384101867675781e-01
8.900000000000000000e+01
8.345272507036329834e-01
4.571664333343505859e-01
9.000000000000000000e+01
8.345272507036329834e-01
1.931526660919189453e-01
9.100000000000000000e+01
8.345272507036329834e-01
1.365959644317626953e-01
9.200000000000000000e+01
8.345272507036329834e-01
1.862192153930664062e-01
9.300000000000000000e+01
8.345272507036329834e-01
4.021277427673339844e-01
9.400000000000000000e+01
8.345272507036329834e-01
4.500834941864013672e-01
9.500000000000000000e+01
8.345272507036329834e-01
4.367134571075439453e-01
9.600000000000000000e+01
8.345272507036329834e-01
2.213380336761474609e-01
9.700000000000000000e+01
8.345272507036329834e-01
1.936511993408203125e-01
9.800000000000000000e+01
8.345272507036329834e-01
1.888275146484375000e-01
9.900000000000000000e+01
8.345272507036329834e-01
4.040892124176025391e-01
1.000000000000000000e+02
8.345272507036329834e-01
6.091585159301757812e-01
1.010000000000000000e+02
8.345272507036329834e-01
4.283113479614257812e-01
1.020000000000000000e+02
8.345272507036329834e-01
2.703590393066406250e-01
1.030000000000000000e+02
8.345272507036329834e-01
1.942009925842285156e-01
1.040000000000000000e+02
8.345272507036329834e-01
1.697714328765869141e-01
1.050000000000000000e+02
8.345272507036329834e-01
4.174368381500244141e-01
1.060000000000000000e+02
8.345272507036329834e-01
4.082310199737548828e-01
1.070000000000000000e+02
8.345272507036329834e-01
4.398646354675292969e-01
1.080000000000000000e+02
8.345272507036329834e-01
1.809344291687011719e-01
1.090000000000000000e+02
8.345272507036329834e-01
1.235399246215820312e-01
1.100000000000000000e+02
8.345272507036329834e-01
1.340277194976806641e-01
1.110000000000000000e+02
8.345272507036329834e-01
3.588888645172119141e-01
1.120000000000000000e+02
8.345272507036329834e-01
4.518258571624755859e-01
1.130000000000000000e+02
8.345272507036329834e-01
4.458758831024169922e-01
1.140000000000000000e+02
8.345272507036329834e-01
1.322953701019287109e-01
1.150000000000000000e+02
8.345272507036329834e-01
2.220349311828613281e-01
1.160000000000000000e+02
8.345272507036329834e-01
1.568214893341064453e-01
1.170000000000000000e+02
8.345272507036329834e-01
4.481444358825683594e-01
1.180000000000000000e+02
8.345272507036329834e-01
4.437792301177978516e-01
1.190000000000000000e+02
8.345272507036329834e-01
4.461951255798339844e-01
1.200000000000000000e+02
8.345272507036329834e-01
1.640453338623046875e-01
1.210000000000000000e+02
8.345272507036329834e-01
1.576955318450927734e-01
1.220000000000000000e+02
8.345272507036329834e-01
1.664650440216064453e-01
1.230000000000000000e+02
8.345272507036329834e-01
5.041208267211914062e-01
1.240000000000000000e+02
8.345272507036329834e-01
4.318010807037353516e-01
1.250000000000000000e+02
8.345272507036329834e-01
4.273638725280761719e-01
1.260000000000000000e+02
8.345272507036329834e-01
1.456451416015625000e-01
1.270000000000000000e+02
8.345272507036329834e-01
1.786623001098632812e-01
1.280000000000000000e+02
8.345272507036329834e-01
2.457256317138671875e-01
1.290000000000000000e+02
8.345272507036329834e-01
4.698357582092285156e-01
1.300000000000000000e+02
8.345272507036329834e-01
4.756002426147460938e-01
1.310000000000000000e+02
8.345272507036329834e-01
4.495682716369628906e-01
1.320000000000000000e+02
8.345272507036329834e-01
1.869709491729736328e-01
1.330000000000000000e+02
8.345272507036329834e-01
1.263794898986816406e-01
1.340000000000000000e+02
8.345272507036329834e-01
1.426517963409423828e-01
1.350000000000000000e+02
8.345272507036329834e-01
4.654154777526855469e-01
1.360000000000000000e+02
8.345272507036329834e-01
4.615931510925292969e-01
1.370000000000000000e+02
8.345272507036329834e-01
5.501534938812255859e-01
1.380000000000000000e+02
8.345272507036329834e-01
2.763571739196777344e-01
1.390000000000000000e+02
8.345272507036329834e-01
1.822202205657958984e-01
1.400000000000000000e+02
8.345272507036329834e-01
2.110755443572998047e-01
1.410000000000000000e+02
8.345272507036329834e-01
6.604492664337158203e-01
1.420000000000000000e+02
8.346415170083693047e-01
4.400951862335205078e-01
1.430000000000000000e+02
8.347341821640910098e-01
4.409391880035400391e-01
1.440000000000000000e+02
8.347341821640910098e-01
1.990387439727783203e-01
1.450000000000000000e+02
8.347341821640910098e-01
1.284899711608886719e-01
1.460000000000000000e+02
8.347341821640910098e-01
1.190648078918457031e-01
1.470000000000000000e+02
8.347341821640910098e-01
4.853429794311523438e-01
1.480000000000000000e+02
8.347341821640910098e-01
4.473986625671386719e-01
1.490000000000000000e+02
