5.575227114461737798e+00 -9.983333333333332504e+00
6.048509778136014425e+00 -9.094166666666666288e+01
4.299463714528449998e+00 -1.003333333333333321e+01
4.299463714528449998e+00 -9.775000000000000355e+00
4.665918540181033691e+00 -9.775000000000000355e+00
6.129394355434553354e+00 -9.170833333333334281e+01
5.146267607903086905e+00 -8.873333333333333428e+01
5.544424019895401123e+00 -9.800000000000000711e+00
4.300443302006028645e+00 -1.000833333333333286e+01
4.441946372603051252e+00 -8.279999999999999716e+01
6.392045022466387394e+00 -9.134166666666666856e+01
4.400520720878378533e+00 -8.090000000000000568e+01
5.194572613909798520e+00 -8.750000000000000000e+01
5.927072003964294566e+00 -8.927500000000000568e+01
5.455536133052129699e+00 -9.983333333333332504e+00
5.850315334795650912e+00 -9.024166666666666003e+01
3.817234730425498324e+00 -8.397499999999999432e+01
6.129394355434553354e+00 -9.160833333333333428e+01
5.065557308588203966e+00 -1.031666666666666643e+01
6.102648055659480875e+00 -8.412500000000000000e+01
5.422412540611663445e+00 -9.800000000000000711e+00
5.094404739052961872e+00 -7.413333333333332575e+01
6.464192712895222570e+00 -9.110833333333333428e+01
5.548639971231502876e+00 -9.775000000000000355e+00
4.020402720983877742e+00 -7.570833333333332860e+01
6.016732151883332769e+00 -6.710833333333333428e+01
5.330724162665904764e+00 -1.003333333333333321e+01
5.406955541953784916e+00 -9.002500000000000568e+01
3.746556361410369185e+00 -8.145833333333332860e+01
4.546098271382380318e+00 -8.370000000000000284e+01
5.355893826908863176e+00 -8.548333333333333428e+01
5.465366490731687676e+00 -8.311666666666667425e+01
4.394276526767821878e+00 -9.733333333333332504e+00
3.968202668142849721e+00 -8.207500000000000284e+01
5.299707729574667070e+00 -8.904166666666665719e+01
3.746556361410369185e+00 -7.873333333333333428e+01
6.356825599732494503e+00 -8.859166666666666856e+01
6.124066122939328061e+00 -1.002500000000000036e+01
5.038174911077950568e+00 -4.210000000000000142e+01
6.081058041948326220e+00 -9.136666666666666003e+01
5.406257371180184457e+00 -9.733333333333332504e+00
5.299707729574667070e+00 -8.924166666666666003e+01
3.637589785838700074e+00 -5.977499999999999858e+01
6.117385655861861338e+00 -8.867499999999999716e+01
5.587069711085530521e+00 -4.977500000000000568e+01
6.089242572055520775e+00 -5.714999999999999858e+01
2.960946195733831665e+00 -9.733333333333332504e+00
5.674097470309657609e+00 -8.997500000000000853e+01
6.475954186382480771e+00 -9.800000000000000711e+00
6.051444270322909880e+00 -1.012500000000000000e+01
5.727803868845262159e+00 -8.950833333333333997e+01
5.410227059791465010e+00 -9.024166666666666003e+01
6.093513787853900077e+00 -9.148333333333333428e+01
5.963436473197835319e+00 -9.177499999999999147e+01
3.961942883141387206e+00 -7.720000000000000284e+01
5.719685043142288094e+00 -9.009166666666666856e+01
4.985071527998715446e+00 -9.014166666666666572e+01
4.790144365042900532e+00 -8.698333333333333428e+01
6.023013223047366083e+00 -1.000833333333333286e+01
5.619122561002398264e+00 -9.040000000000000568e+01
3.948901760970213726e+00 -7.500000000000000000e+01
6.175281268795566270e+00 -9.089166666666666572e+01
3.388101201570516530e+00 -6.512500000000000000e+01
6.360550625689041837e+00 -9.097499999999999432e+01
3.741860394065263495e+00 -8.194166666666666288e+01
5.690722232450013074e+00 -9.049166666666667425e+01
4.839867543543540762e+00 -7.009999999999999432e+01
6.076908655076404209e+00 -9.079999999999999716e+01
4.203223325290905699e+00 -8.179999999999999716e+01
5.342120543677193467e+00 -9.733333333333332504e+00
5.950723048256675085e+00 -9.100833333333333997e+01
3.555457217204649467e+00 -8.069166666666666288e+01
4.724930914192397857e+00 -8.750000000000000000e+01
5.851256513668091408e+00 -9.100833333333333997e+01
4.696862915765964708e+00 -8.535000000000000853e+01
6.854220814535766593e+00 -9.193333333333333712e+01
3.555457217204649467e+00 -8.223333333333333428e+01
3.252610340567373193e+00 -7.842499999999999716e+01
4.985978534855799893e+00 -8.791666666666667140e+01
5.834217815976062482e+00 -9.144166666666666288e+01
2.997823080745725566e+00 -2.286666666666666714e+01
6.724122692329231654e+00 -9.733333333333332504e+00
3.392169149489736135e+00 -7.930833333333333712e+01
3.555457217204649467e+00 -8.160833333333333428e+01
4.245364587634763431e+00 -8.715000000000000568e+01
6.413698662247576010e+00 -9.098333333333333428e+01
4.060093183824468710e+00 -6.988333333333332575e+01
3.947384701684740982e+00 -7.940000000000000568e+01
3.422753941301348135e+00 -8.078333333333333144e+01
3.555457217204649467e+00 -8.386666666666667425e+01
5.014948741875755012e+00 -8.990833333333333144e+01
5.068434489114242325e+00 -3.235000000000000142e+01
5.201361614514906861e+00 -9.716666666666666785e+00
2.837588438235511212e+00 -7.054999999999999716e+01
3.458637849025649302e+00 -8.045000000000000284e+01
3.308564413561238648e+00 -7.212500000000000000e+01
5.635558133480265575e+00 -9.040833333333333144e+01
5.814057050529802595e+00 -9.123333333333333428e+01
3.327154512409431497e+00 -6.750833333333333997e+01
3.934397440780988298e+00 -8.321666666666666856e+01
2.837588438235511212e+00 -7.029166666666665719e+01
3.555457217204649467e+00 -8.382500000000000284e+01
4.395046676784403417e+00 -8.936666666666667425e+01
4.253846646198501169e+00 -6.668333333333332291e+01
5.895454039535482416e+00 -8.982500000000000284e+01
4.137923512040415197e+00 -7.329166666666667140e+01
3.270212854896242582e+00 -7.494166666666666288e+01
3.582858462224499441e+00 -8.191666666666667140e+01
4.582381577336718692e+00 -8.929166666666667140e+01
5.791596623558876722e+00 -9.113333333333332575e+01
3.910677754742705403e+00 -7.018333333333333712e+01
6.442127644001030440e+00 -9.131666666666666288e+01
2.837588438235511212e+00 -6.657499999999998863e+01
3.567849450573106651e+00 -8.175000000000000000e+01
5.668864681376224901e+00 -9.103333333333333144e+01
5.585752793022336959e+00 -9.800000000000000711e+00
5.305768263987161504e+00 -8.909999999999999432e+01
2.869231719730976238e+00 -4.404166666666667140e+01
3.555457217204649467e+00 -8.214166666666666572e+01
3.420450859106068275e+00 -7.643333333333333712e+01
3.622214022966295133e+00 -6.870833333333334281e+01
6.156706910279726941e+00 -9.118333333333333712e+01
2.815577748324267215e+00 -2.994166666666666643e+01
3.157154439906281418e+00 -7.081666666666667709e+01
3.314709692955173814e+00 -7.400833333333332575e+01
3.411451342137937548e+00 -8.234166666666666856e+01
5.224196269660239977e+00 -1.012500000000000000e+01
5.826981983760606276e+00 -9.123333333333333428e+01
3.847078862065715477e+00 -7.376666666666666572e+01
5.613802723045973053e+00 -9.114166666666666572e+01
3.555457217204649467e+00 -8.324166666666667425e+01
3.038620161949702858e+00 -7.461666666666666003e+01
4.426803945514866889e+00 -8.927500000000000568e+01
5.895454039535482416e+00 -9.004999999999999716e+01
4.338556091009444948e+00 -7.633333333333332860e+01
3.530839778616520430e+00 -8.116666666666667140e+01
3.308564413561238648e+00 -7.129166666666665719e+01
3.555457217204649467e+00 -8.190833333333333144e+01
6.593124838507148588e+00 -9.032500000000000284e+01
6.238641406388682142e+00 -8.921666666666666856e+01
3.295347148333617859e+00 -6.045833333333333570e+01
3.236033147117635789e+00 -6.730833333333333712e+01
3.411451342137937548e+00 -7.975000000000000000e+01
3.457427692946484665e+00 -7.320833333333332860e+01
4.395046676784403417e+00 -8.883333333333332860e+01
5.560670454793317674e+00 -9.140000000000000568e+01
5.513839288391432447e+00 -9.045833333333332860e+01
5.586833635036811074e+00 -9.197499999999999432e+01
3.245512667814149932e+00 -6.591666666666667140e+01
3.555457217204649467e+00 -8.338333333333332575e+01
4.997093551990114513e+00 -8.383333333333334281e+01
5.687795520154272921e+00 -9.040000000000000568e+01
3.428782511496954566e+00 -7.137500000000000000e+01
2.544068044350275670e+00 -5.509166666666666856e+01
3.555457217204649467e+00 -8.401666666666666572e+01
3.224014811372863942e+00 -6.958333333333332860e+01
4.197941836490006295e+00 -7.900000000000000000e+01
5.247872655421908838e+00 -8.765833333333333144e+01
3.327154512409431497e+00 -6.647499999999999432e+01
5.797391508323057607e+00 -9.115833333333333144e+01
2.705863712283919309e+00 -6.953333333333333144e+01
3.232742062720737053e+00 -6.959999999999999432e+01
4.710455864335424181e+00 -8.074166666666667425e+01
5.296013259468252521e+00 -7.808333333333334281e+01
3.327154512409431497e+00 -6.947499999999999432e+01
5.152325043774532709e+00 -8.950000000000000000e+01
3.408748606184243801e+00 -7.684166666666666856e+01
2.705863712283919309e+00 -6.690000000000000568e+01
5.883585923797089556e+00 -9.121666666666666856e+01
5.803057462836637370e+00 -9.125000000000000000e+01
3.465977368285822813e+00 -6.870000000000000284e+01
6.614329416090747316e+00 -8.957500000000000284e+01
2.505149978319905824e+00 -1.000833333333333286e+01
4.177161199726047158e+00 -7.847499999999999432e+01
6.293456696898585001e+00 -9.107499999999998863e+01
5.198340871447985734e+00 -9.026666666666666572e+01
3.465977368285822813e+00 -7.042500000000001137e+01
3.226342087163630801e+00 -7.540833333333333144e+01
3.555457217204649467e+00 -8.403333333333333144e+01
3.135768514567822240e+00 -7.802500000000000568e+01
5.640982028032586193e+00 -9.002500000000000568e+01
5.517234177539425133e+00 -8.770833333333332860e+01
3.972249135962595545e+00 -7.218333333333333712e+01
5.262766609875479062e+00 -9.044166666666666288e+01
2.491361693834272639e+00 -5.971666666666666146e+01
3.412964271996662635e+00 -7.532500000000000284e+01
4.255127716143170424e+00 -8.104999999999999716e+01
5.765628326648896795e+00 -9.095833333333332860e+01
3.878176980491506054e+00 -7.406666666666666288e+01
4.056904851336472717e+00 -8.811666666666666003e+01
3.370328007779510582e+00 -7.979166666666667140e+01
3.162862993321926108e+00 -7.157500000000000284e+01
5.152107860586767174e+00 -8.886666666666667425e+01
5.560670454793317674e+00 -9.076666666666666572e+01
2.984077033902830856e+00 -2.943333333333333357e+01
3.682145076373831927e+00 -8.109166666666666856e+01
2.372912002970106737e+00 -9.733333333333332504e+00
3.555457217204649467e+00 -8.402500000000000568e+01
5.640982028032586193e+00 -9.066666666666665719e+01
6.009385874242916259e+00 -9.074166666666666003e+01
3.327154512409431497e+00 -6.693333333333333712e+01
6.151171200147381057e+00 -9.163333333333333997e+01
3.290257269394518236e+00 -7.892499999999999716e+01
2.783188691075257459e+00 -7.528333333333333144e+01
5.236111323175977716e+00 -8.669166666666666288e+01
5.955529971279848844e+00 -9.118333333333333712e+01
6.554465052053843444e+00 -8.846666666666666856e+01
3.531478917042254917e+00 -8.366666666666667140e+01
2.988112840268351889e+00 -2.934999999999999787e+01
3.291368850451582784e+00 -7.690833333333333144e+01
4.846368043683673577e+00 -8.841666666666667140e+01
5.232375972799311548e+00 -9.074166666666666003e+01
3.878176980491506054e+00 -7.344166666666667709e+01
3.832700470960567429e+00 -8.038333333333332575e+01
3.476396826725330236e+00 -8.157500000000000284e+01
3.465234094988014490e+00 -7.782500000000000284e+01
5.318132231987434011e+00 -5.869999999999999574e+01
5.213345067368729602e+00 -8.935833333333333428e+01
2.544068044350275670e+00 -2.570833333333333215e+01
3.408409578468429846e+00 -8.055833333333333712e+01
3.006037954997317296e+00 -7.089166666666666572e+01
3.555457217204649467e+00 -8.365833333333333144e+01
2.845098040014256924e+00 -2.158333333333333215e+01
5.576040580670696301e+00 -9.154166666666667140e+01
3.382017042574868348e+00 -5.804166666666667140e+01
5.796041197542563417e+00 -9.143333333333333712e+01
3.491501766237326443e+00 -7.752500000000000568e+01
3.002166061756507798e+00 -6.946666666666666856e+01
4.964664971114281400e+00 -8.501666666666666572e+01
5.508463728129643577e+00 -9.800000000000000711e+00
4.802253628469162372e+00 -8.759999999999999432e+01
4.483016420144132042e+00 -8.655000000000001137e+01
3.068556895072362956e+00 -7.359166666666666856e+01
2.453318340047037527e+00 -5.039166666666666572e+01
5.668864681376224901e+00 -9.116666666666665719e+01
5.505928296201472172e+00 -8.976666666666666572e+01
4.576433498409385514e+00 -5.564999999999999858e+01
2.788875115775416802e+00 -6.207500000000000284e+01
3.370328007779510582e+00 -8.181666666666667709e+01
3.215373152783421951e+00 -7.858333333333334281e+01
6.593124838507148588e+00 -8.972499999999999432e+01
7.106017757123726852e+00 -9.028333333333333144e+01
3.327154512409431497e+00 -6.994166666666666288e+01
4.775136943680950985e+00 -8.984999999999999432e+01
3.100715086573081702e+00 -7.272499999999999432e+01
3.581494542290899030e+00 -9.800000000000000711e+00
5.175575590246447533e+00 -8.878333333333333144e+01
4.553057325316767212e+00 -8.043333333333333712e+01
4.211974401413960400e+00 -6.835833333333333428e+01
2.834420703681532316e+00 -7.000000000000000000e+01
3.197556213153536664e+00 -7.388333333333333997e+01
3.373279893277496111e+00 -7.612500000000000000e+01
4.298088569391381952e+00 -5.614166666666666572e+01
4.891219564905971318e+00 -7.565833333333333144e+01
3.327154512409431497e+00 -7.209999999999999432e+01
3.994932736730041789e+00 -8.250000000000000000e+01
2.491361693834272639e+00 -5.970833333333332860e+01
4.201287854101758867e+00 -8.602499999999999147e+01
4.664087002620612488e+00 -8.561666666666666003e+01
5.144904083837967157e+00 -9.733333333333332504e+00
5.200642599593609638e+00 -1.002500000000000036e+01
3.667826378950711064e+00 -7.169166666666666288e+01
3.197556213153536664e+00 -7.618333333333333712e+01
2.621176281775035033e+00 -6.813333333333333997e+01
5.743034446129440695e+00 -9.067499999999999716e+01
5.652919024580053353e+00 -9.119166666666667709e+01
3.327154512409431497e+00 -7.304166666666667140e+01
2.909020854211155971e+00 -7.204166666666667140e+01
3.103461622094704886e+00 -7.157500000000000284e+01
3.224014811372863942e+00 -7.490000000000000568e+01
5.933523730611847569e+00 -1.002500000000000036e+01
5.504076488182425564e+00 -9.800000000000000711e+00
4.305028753746332981e+00 -1.031666666666666643e+01
2.621176281775035033e+00 -6.585833333333333428e+01
3.432006687269598455e+00 -8.192499999999999716e+01
2.669316880566112271e+00 -5.979166666666666430e+01
5.242864296140706593e+00 -4.772500000000000142e+01
5.759622524639996577e+00 -9.176666666666666572e+01
4.088206988134534647e+00 -7.832500000000000284e+01
4.026206297083118280e+00 -8.418333333333333712e+01
3.388988785124714020e+00 -7.864166666666666572e+01
3.590618948206577787e+00 -7.761666666666667425e+01
4.957200094785148003e+00 -8.792499999999999716e+01
4.672476545420670035e+00 -8.747500000000000853e+01
4.179379417881756709e+00 -7.800833333333333997e+01
2.834420703681532316e+00 -7.036666666666666003e+01
3.542700969448111081e+00 -8.410833333333333428e+01
2.877946951629188455e+00 -7.667500000000001137e+01
5.137509188852082076e+00 -8.394166666666666288e+01
5.541773884056874877e+00 -8.969166666666666288e+01
5.305768263987161504e+00 -8.987500000000000000e+01
3.441066406639263331e+00 -7.495833333333334281e+01
3.388988785124714020e+00 -7.706666666666667709e+01
3.461198288622493013e+00 -8.391666666666665719e+01
4.746945409615104694e+00 -8.971666666666666856e+01
7.106084878380310776e+00 -9.800000000000000711e+00
5.417770531116925525e+00 -9.107499999999998863e+01
2.693726948923647058e+00 -3.123333333333333428e+01
3.222196046301720074e+00 -8.063333333333333997e+01
3.158965260383410190e+00 -7.087500000000000000e+01
5.655470754295452096e+00 -9.038333333333333997e+01
5.485002684979619403e+00 -8.929166666666667140e+01
4.759962309791780477e+00 -7.916666666666665719e+01
6.430515418485116541e+00 -9.202500000000000568e+01
2.408239965311849584e+00 -4.585833333333333428e+01
3.278982116865443164e+00 -7.691666666666667140e+01
4.298088569391381952e+00 -4.337500000000000000e+01
5.427265335316159955e+00 -8.934166666666666856e+01
4.187746269780459052e+00 -8.677500000000000568e+01
4.666349471560198303e+00 -9.004166666666665719e+01
4.001733712809000920e+00 -7.062500000000000000e+01
2.788875115775416802e+00 -6.683333333333332860e+01
4.943786255872694824e+00 -8.837500000000000000e+01
5.712237094261040760e+00 -9.144166666666666288e+01
5.327979786976398735e+00 -9.034166666666666856e+01
5.184063663068914529e+00 -9.091666666666667140e+01
4.167051358737880129e+00 -6.838333333333332575e+01
3.487703863163726492e+00 -4.505833333333333712e+01
5.006063652135392061e+00 -9.005833333333332291e+01
3.819938569355395330e+00 -7.032500000000000284e+01
5.305768263987161504e+00 -8.996666666666666856e+01
2.834420703681532316e+00 -6.932500000000000284e+01
3.400019635065158585e+00 -8.083333333333332860e+01
3.381476090275029822e+00 -7.949166666666667425e+01
4.632598996866957641e+00 -1.000833333333333286e+01
5.352141982068006953e+00 -8.804166666666665719e+01
3.260071387985074676e+00 -6.385833333333332718e+01
6.738604189607381834e+00 -9.179999999999999716e+01
3.096910013008056239e+00 -7.900000000000000000e+01
3.427323786357247215e+00 -8.009166666666666856e+01
4.951318086840752031e+00 -8.234166666666666856e+01
4.880070084064067615e+00 -7.668333333333333712e+01
4.689805926112696532e+00 -7.334166666666666856e+01
2.562292864456474639e+00 -6.000000000000000000e+01
3.556302500767287267e+00 -7.700000000000000000e+01
2.940018155007663392e+00 -7.445833333333334281e+01
4.789228057267335359e+00 -7.843333333333333712e+01
4.935119149585648124e+00 -8.144166666666666288e+01
5.248147439952010274e+00 -9.017500000000001137e+01
5.184782254152881187e+00 -9.048333333333333428e+01
3.466422722433792014e+00 -8.404999999999999716e+01
3.575764980536719317e+00 -8.427500000000000568e+01
4.783124293379476200e+00 -8.972499999999999432e+01
4.903827660765976759e+00 -1.000833333333333286e+01
3.327154512409431497e+00 -7.544999999999998863e+01
4.630366845751405336e+00 -8.574166666666667425e+01
3.381476090275029822e+00 -8.194166666666666288e+01
2.408239965311849584e+00 -5.490833333333333854e+01
4.410068291238362193e+00 -8.788333333333333997e+01
4.949360727378281588e+00 -8.726666666666666572e+01
4.936985981947253244e+00 -8.784999999999999432e+01
4.511990251080793435e+00 -8.953333333333333144e+01
3.380573003066887239e+00 -8.150000000000000000e+01
3.641275757231912991e+00 -8.129166666666665719e+01
4.526985068559995717e+00 -8.776666666666666572e+01
5.368242244202931168e+00 -8.878333333333333144e+01
5.305114808035395590e+00 -9.005833333333332291e+01
4.216825423266047146e+00 -8.231666666666667709e+01
3.082066934285113025e+00 -7.468333333333333712e+01
2.709269960975830838e+00 -6.434166666666666856e+01
4.965526241914158589e+00 -8.835833333333333428e+01
5.681949103053088201e+00 -8.834999999999999432e+01
5.017183645990935581e+00 -8.281666666666667709e+01
4.595859818764417959e+00 -9.001666666666666572e+01
3.052693941924967902e+00 -6.968333333333333712e+01
3.461198288622493013e+00 -8.291666666666667140e+01
4.274573464196470773e+00 -7.775833333333332575e+01
3.001300933020417894e+00 -5.685833333333333428e+01
4.366385596953946013e+00 -8.569166666666666288e+01
2.698970004336018746e+00 -3.435833333333333428e+01
3.461198288622493013e+00 -8.355833333333333712e+01
2.621176281775035033e+00 -6.917499999999999716e+01
4.885338599938176429e+00 -8.981666666666666288e+01
4.126553477961278915e+00 -8.038333333333332575e+01
2.782472624166286046e+00 -3.144166666666666643e+01
3.240549248282599493e+00 -7.131666666666666288e+01
3.961563462362069465e+00 -6.906666666666666288e+01
3.365862215402555258e+00 -6.996666666666666856e+01
4.246473960229343980e+00 -5.765833333333333144e+01
4.313846137601028197e+00 -9.800000000000000711e+00
4.081491328525698847e+00 -7.520000000000000284e+01
5.337329452737498592e+00 -1.002500000000000036e+01
3.461198288622493013e+00 -8.118333333333332291e+01
2.970346876230093525e+00 -6.468333333333333712e+01
4.404440279679318948e+00 -8.919166666666666288e+01
4.036149629745852785e+00 -9.983333333333332504e+00
5.305114808035395590e+00 -8.917500000000001137e+01
4.664679575182304028e+00 -9.029999999999999716e+01
4.767037068438848557e+00 -5.611666666666666714e+01
5.031876845634541517e+00 -9.101666666666666572e+01
5.050464827880732699e+00 -9.084999999999999432e+01
4.298088569391381952e+00 -1.175833333333333286e+01
3.418963830703622531e+00 -7.128333333333333144e+01
3.622214022966295133e+00 -7.856666666666666288e+01
4.664679575182304028e+00 -8.815833333333333144e+01
5.135933686615063998e+00 -6.558333333333334281e+01
4.797502979591281580e+00 -8.914999999999999147e+01
3.948510768837657281e+00 -7.967499999999999716e+01
4.123459619443337942e+00 -8.643333333333332291e+01
5.021776233864664540e+00 -9.044166666666666288e+01
3.240049772112647553e+00 -7.579999999999999716e+01
4.629735707232855546e+00 -8.924166666666666003e+01
4.302460807910379437e+00 -8.415833333333333144e+01
2.481442628502304792e+00 -2.018333333333333357e+01
4.378179790380950287e+00 -8.668333333333333712e+01
3.179264464339025320e+00 -8.055833333333333712e+01
4.629735707232855546e+00 -8.920000000000000284e+01
2.621176281775035033e+00 -7.229166666666667140e+01
4.999834936732868940e+00 -9.070833333333332860e+01
3.141449773400467382e+00 -5.222500000000000142e+01
4.423311422873903886e+00 -7.381666666666666288e+01
5.119130466987279249e+00 -1.000833333333333286e+01
2.802089257881732465e+00 -7.324166666666667425e+01
4.664679575182304028e+00 -8.853333333333333144e+01
4.372506963362899235e+00 -8.831666666666666288e+01
3.395326393069351134e+00 -6.945833333333332860e+01
4.686770290087891588e+00 -9.775000000000000355e+00
4.015485498154454547e+00 -8.270833333333332860e+01
5.145196406114181720e+00 -9.733333333333332504e+00
2.408239965311849584e+00 -5.037500000000000000e+01
4.342422680822206615e+00 -8.823333333333333428e+01
3.951045948135819774e+00 -3.472500000000000142e+01
4.025141949625193227e+00 -5.739166666666666572e+01
4.701775153678985575e+00 -8.705833333333333712e+01
2.621176281775035033e+00 -7.230833333333333712e+01
4.594304135374733811e+00 -8.701666666666666572e+01
4.635724954531139197e+00 -9.040000000000000568e+01
2.972665592266110934e+00 -5.750833333333332575e+01
6.060423581779522451e+00 -9.019166666666666288e+01
3.240049772112647553e+00 -7.372499999999999432e+01
3.240549248282599493e+00 -7.351666666666666572e+01
3.841984804590113711e+00 -7.769166666666666288e+01
4.658564650261560303e+00 -8.942499999999999716e+01
3.800648355363988262e+00 -7.970000000000000284e+01
4.087355430054051553e+00 -8.551666666666666572e+01
4.664679575182304028e+00 -9.008333333333334281e+01
2.802089257881732465e+00 -7.465000000000000568e+01
6.322960478244429083e+00 -9.254166666666667140e+01
4.839251727903101319e+00 -9.050000000000000000e+01
3.995985997913799270e+00 -1.000833333333333286e+01
4.806986740477669606e+00 -9.031666666666666288e+01
4.233402277811895154e+00 -9.775000000000000355e+00
4.687056063029478636e+00 -9.000833333333333997e+01
2.621176281775035033e+00 -6.569166666666667709e+01
4.006765452451992893e+00 -4.696666666666666856e+01
4.037745129269592503e+00 -9.733333333333332504e+00
3.277379974667254725e+00 -5.947500000000000142e+01
4.748001860904084381e+00 -9.012500000000000000e+01
3.169674434058806778e+00 -7.965000000000000568e+01
4.749604925478946527e+00 -9.066666666666665719e+01
4.250688303645721255e+00 -4.599166666666666714e+01
5.475634874558624077e+00 -1.031666666666666643e+01
4.026859985984561519e+00 -8.435833333333333428e+01
4.117072336585978043e+00 -8.661666666666666003e+01
5.150351113872410735e+00 -9.060000000000000853e+01
2.802089257881732465e+00 -7.102500000000000568e+01
4.238723375395397674e+00 -5.814999999999999858e+01
4.153326961490906299e+00 -7.292499999999999716e+01
3.295347148333617859e+00 -6.319166666666666998e+01
4.602580832264147936e+00 -9.733333333333332504e+00
3.989449817666691711e+00 -5.613333333333333286e+01
4.611149533010791224e+00 -9.733333333333332504e+00
5.104411990990467274e+00 -8.968333333333333712e+01
4.392081119798159961e+00 -8.638333333333333997e+01
4.026859985984561519e+00 -8.284166666666666856e+01
3.296445794206396052e+00 -7.900000000000000000e+01
4.687056063029478636e+00 -9.049166666666667425e+01
2.621176281775035033e+00 -6.959166666666666856e+01
4.107718610520262992e+00 -8.503333333333333144e+01
5.003314019180493233e+00 -8.917500000000001137e+01
5.637253505146770038e+00 -8.987500000000000000e+01
4.335698551498222031e+00 -7.159999999999999432e+01
3.240049772112647553e+00 -7.342499999999999716e+01
4.652043171347027162e+00 -7.970000000000000284e+01
5.148250881903400078e+00 -9.067499999999999716e+01
4.818008031715404371e+00 -9.733333333333332504e+00
3.855155577176994086e+00 -7.686666666666667425e+01
2.586587304671755128e+00 -6.907500000000000284e+01
5.499989334334183688e+00 -9.800000000000000711e+00
4.106870544478653962e+00 -8.799166666666667425e+01
4.720655356551723969e+00 -9.026666666666666572e+01
3.346157302232008135e+00 -7.411666666666666003e+01
4.561292240378958418e+00 -8.697500000000000853e+01
4.687056063029478636e+00 -8.993333333333333712e+01
4.403909430533358815e+00 -8.791666666666667140e+01
4.687056063029478636e+00 -8.921666666666666856e+01
4.499893186149236612e+00 -8.940000000000000568e+01
3.507045872427325683e+00 -6.577499999999999147e+01
4.530250939366719187e+00 -7.672499999999999432e+01
3.985606083052436244e+00 -9.733333333333332504e+00
5.066929417503891919e+00 -8.999166666666667425e+01
2.807535028068853133e+00 -7.250000000000000000e+01
5.104411990990467274e+00 -9.030833333333333712e+01
4.453150094810788495e+00 -8.725000000000000000e+01
2.811575005870593280e+00 -9.800000000000000711e+00
4.225360980372659725e+00 -8.884999999999999432e+01
2.840106094456757990e+00 -7.078333333333333144e+01
4.200084063662152367e+00 -8.163333333333333997e+01
4.616517523414803037e+00 -8.074166666666667425e+01
4.091913046676079802e+00 -8.865833333333333144e+01
4.561292240378958418e+00 -8.817499999999999716e+01
5.396579406439625970e+00 -8.925833333333332575e+01
5.184839009093684226e+00 -8.720833333333332860e+01
4.693471923858858474e+00 -9.775000000000000355e+00
4.184890082199721917e+00 -9.733333333333332504e+00
3.265525335219073622e+00 -6.815833333333333144e+01
3.337059726320524611e+00 -3.995000000000000284e+01
4.202542804793921505e+00 -8.777500000000000568e+01
5.358433618174758273e+00 -9.733333333333332504e+00
4.071587470514976381e+00 -8.672499999999999432e+01
4.547922315817579886e+00 -9.008333333333334281e+01
2.813580988568191721e+00 -3.585833333333333428e+01
3.699317301021382232e+00 -7.472499999999999432e+01
3.276231957921833526e+00 -6.757500000000000284e+01
4.710286647702891294e+00 -8.790000000000000568e+01
2.621176281775035033e+00 -7.128333333333333144e+01
6.332030233298432620e+00 -9.775000000000000355e+00
2.844477175745681485e+00 -5.404166666666666430e+01
5.748772380198352572e+00 -9.053333333333333144e+01
3.929878523656783251e+00 -7.933333333333332860e+01
2.586587304671755128e+00 -9.733333333333332504e+00
4.222248116858931866e+00 -9.733333333333332504e+00
4.139154658406904552e+00 -5.396666666666666146e+01
4.362218500326052073e+00 -9.733333333333332504e+00
3.327154512409431497e+00 -7.390000000000000568e+01
3.246744709723841549e+00 -7.333333333333332860e+01
4.203250523943295569e+00 -8.819166666666666288e+01
3.896305707466080737e+00 -9.775000000000000355e+00
3.130333768495006108e+00 -6.317500000000000426e+01
4.514335201826774835e+00 -9.733333333333332504e+00
2.946452265013073113e+00 -3.241666666666666430e+01
4.203250523943295569e+00 -8.435833333333333428e+01
4.602103418604825080e+00 -9.028333333333333144e+01
4.663229634532867429e+00 -8.914166666666666572e+01
4.769502869258565703e+00 -8.824166666666666003e+01
3.008174184006426444e+00 -6.225000000000000711e+01
5.884645854849169133e+00 -8.982500000000000284e+01
3.638389407665335806e+00 -8.194166666666666288e+01
5.140771933444874264e+00 -8.189166666666666572e+01
4.843008407361000245e+00 -9.775000000000000355e+00
3.937417581477137940e+00 -6.669166666666667709e+01
3.227115082589125272e+00 -5.944166666666666998e+01
3.551083865185780120e+00 -7.382500000000000284e+01
4.206987694756408658e+00 -9.733333333333332504e+00
3.889861721258188521e+00 -7.654999999999999716e+01
4.272445019048976000e+00 -8.970833333333332860e+01
2.972665592266110934e+00 -7.173333333333333428e+01
3.936965897107870038e+00 -7.879999999999999716e+01
3.715083670694927065e+00 -7.709166666666666856e+01
3.804275767129094099e+00 -7.503333333333333144e+01
3.894869656745252762e+00 -8.894166666666666288e+01
6.429487101834111762e+00 -9.129166666666667140e+01
4.550032570573742774e+00 -8.905833333333332291e+01
2.844477175745681485e+00 -5.694166666666666998e+01
3.829175073917087779e+00 -7.379999999999999716e+01
5.188304000205711475e+00 -9.112500000000000000e+01
2.840106094456757990e+00 -5.773333333333333428e+01
3.894869656745252762e+00 -8.818333333333333712e+01
5.041313715345860480e+00 -9.129166666666667140e+01
3.891091226467723541e+00 -5.730833333333333002e+01
3.624694531272081299e+00 -6.921666666666666856e+01
2.779596491257824376e+00 -6.662500000000000000e+01
4.536974862573588396e+00 -9.775000000000000355e+00
4.699360693585928672e+00 -8.940833333333333144e+01
4.169468697826940407e+00 -8.910833333333333428e+01
4.288405740175750935e+00 -3.155000000000000071e+01
3.061452479087193090e+00 -1.000833333333333286e+01
3.196452541703389105e+00 -7.547500000000000853e+01
2.408239965311849584e+00 -5.196666666666666856e+01
4.814986333449273737e+00 -8.865833333333333144e+01
4.547922315817579886e+00 -9.020833333333332860e+01
3.096910013008056239e+00 -5.612500000000000000e+01
3.658964842664434780e+00 -7.134166666666666856e+01
3.218797998111737613e+00 -7.101666666666666572e+01
4.742418739620529067e+00 -8.799166666666667425e+01
2.879669205632053419e+00 -7.626666666666666572e+01
3.009025742086910427e+00 -5.895000000000000284e+01
3.897956810006951933e+00 -7.606666666666667709e+01
3.580240508265376320e+00 -7.470833333333332860e+01
3.851564082263488675e+00 -8.688333333333333997e+01
2.621176281775035033e+00 -7.445833333333334281e+01
4.495405563146193550e+00 -9.028333333333333144e+01
3.939219635854818158e+00 -9.775000000000000355e+00
3.065952980313869869e+00 -4.795833333333332860e+01
3.922414024145634226e+00 -6.660833333333333428e+01
3.290479813330672965e+00 -9.733333333333332504e+00
4.196839145833112461e+00 -8.898333333333333428e+01
4.748428373504626876e+00 -9.040833333333333144e+01
4.169468697826940407e+00 -8.877500000000000568e+01
2.871572935545878558e+00 -5.388333333333333997e+01
5.305768263987161504e+00 -9.004999999999999716e+01
3.401055725771843896e+00 -8.069166666666666288e+01
4.974718888815213624e+00 -8.893333333333333712e+01
3.922206277439016286e+00 -8.871666666666666856e+01
4.673647461842938888e+00 -9.021666666666666856e+01
3.219846386024360463e+00 -5.749166666666666003e+01
3.177824971864681824e+00 -6.551666666666666572e+01
4.107684719655841477e+00 -8.930833333333333712e+01
4.911950870062994134e+00 -8.084166666666666856e+01
2.915399835212269863e+00 -7.530833333333333712e+01
4.918821625946444343e+00 -9.040833333333333144e+01
4.147181472192796647e+00 -7.667500000000001137e+01
4.811668824790930721e+00 -7.561666666666666003e+01
3.867703133270097737e+00 -7.600833333333333997e+01
5.313042120852374595e+00 -9.127499999999999147e+01
3.894869656745252762e+00 -8.807500000000000284e+01
4.430623224031914553e+00 -8.889166666666666572e+01
2.925827574624742411e+00 -2.850833333333333641e+01
3.551937695364837388e+00 -7.659166666666666856e+01
4.702576999963826943e+00 -9.045000000000000284e+01
4.092088739255806296e+00 -3.956666666666666998e+01
2.746634198937578653e+00 -7.519166666666666288e+01
4.108632665580476129e+00 -6.870833333333334281e+01
3.610127613075995612e+00 -5.188333333333333997e+01
5.606530762512734967e+00 -9.017500000000001137e+01
4.543670793481596526e+00 -9.000000000000000000e+01
3.658774320844356609e+00 -8.216666666666667140e+01
3.888628725385226304e+00 -8.600833333333332575e+01
4.664792354533355834e+00 -9.019166666666666288e+01
3.420450859106068275e+00 -2.690000000000000213e+01
4.758109143724309043e+00 -9.029999999999999716e+01
4.179005707564820149e+00 -8.339999999999999147e+01
4.817056080570970344e+00 -9.050833333333333997e+01
3.086359830674748395e+00 -7.303333333333333144e+01
4.098193625863288503e+00 -8.235833333333333428e+01
3.985156921277056785e+00 -9.733333333333332504e+00
3.327154512409431497e+00 -7.554166666666665719e+01
3.966470263729284351e+00 -9.800000000000000711e+00
4.167465028843087893e+00 -8.780833333333333712e+01
4.110791660771106137e+00 -8.827500000000000568e+01
4.363028769038010957e+00 -9.983333333333332504e+00
3.849787824237685285e+00 -2.161666666666666714e+01
3.992509335067775389e+00 -8.104999999999999716e+01
4.408273893242955488e+00 -8.819166666666666288e+01
4.989903453995881755e+00 -8.852499999999999147e+01
2.451786435524290209e+00 -6.465833333333333144e+01
4.158362492095249330e+00 -8.509999999999999432e+01
4.212160959753383338e+00 -9.800000000000000711e+00
4.781151968281956322e+00 -8.936666666666667425e+01
3.977403480873434649e+00 -8.832500000000000284e+01
4.160978460120008826e+00 -8.372500000000000853e+01
5.142983554922818001e+00 -8.970000000000000284e+01
4.425354857665515063e+00 -8.827500000000000568e+01
2.793790384690818751e+00 -3.228333333333333854e+01
3.327154512409431497e+00 -7.297499999999999432e+01
3.227115082589125272e+00 -7.511666666666666003e+01
5.236501992523306726e+00 -8.999166666666667425e+01
2.879669205632053419e+00 -7.791666666666667140e+01
3.930541529864434391e+00 -5.457499999999999574e+01
4.212160959753383338e+00 -7.320833333333332860e+01
3.327154512409431497e+00 -7.159166666666666856e+01
3.894869656745252762e+00 -8.845833333333334281e+01
2.879669205632053419e+00 -7.863333333333332575e+01
4.436162647040756468e+00 -9.013333333333332575e+01
4.705350462885712126e+00 -9.076666666666666572e+01
3.502290527914772689e+00 -5.944166666666666998e+01
4.345295295579300721e+00 -8.654166666666665719e+01
4.208199417133797304e+00 -4.645000000000000284e+01
3.834420703681532760e+00 -8.812500000000000000e+01
3.159567193233620230e+00 -7.822499999999999432e+01
4.177680759848778180e+00 -8.692499999999999716e+01
2.871572935545878558e+00 -4.572500000000000142e+01
3.199755177253474692e+00 -7.227500000000000568e+01
4.030721129360461674e+00 -9.983333333333332504e+00
5.735836738523284239e+00 -9.141666666666667140e+01
4.524798420886220640e+00 -8.590000000000000568e+01
4.664792354533355834e+00 -9.079166666666667140e+01
5.100377438626057192e+00 -8.949166666666667425e+01
3.327154512409431497e+00 -7.424166666666666003e+01
2.807535028068853133e+00 -6.504166666666665719e+01
4.526675208639434622e+00 -9.043333333333333712e+01
4.922751400735831950e+00 -8.964166666666666572e+01
3.928344635264862106e+00 -6.174166666666666003e+01
3.618048096712092487e+00 -6.211666666666666714e+01
5.736802716253439627e+00 -8.938333333333333997e+01
3.298853076409706375e+00 -7.958333333333332860e+01
2.621176281775035033e+00 -7.534166666666666856e+01
3.858416877723488181e+00 -8.764999999999999147e+01
3.846708145456006811e+00 -7.610833333333333428e+01
3.282395504742525727e+00 -6.763333333333333997e+01
3.327154512409431497e+00 -7.563333333333332575e+01
4.171901890731724016e+00 -9.017500000000001137e+01
3.894869656745252762e+00 -8.837500000000000000e+01
4.717986541054323801e+00 -8.934999999999999432e+01
4.357801490502867914e+00 -7.715833333333333144e+01
3.863144346252667560e+00 -3.704166666666666430e+01
3.717171026832310154e+00 -7.730833333333333712e+01
4.406778551190973836e+00 -9.085833333333333428e+01
4.403909430533358815e+00 -8.762500000000000000e+01
5.912919981300422734e+00 -8.777500000000000568e+01
5.107833819680743126e+00 -8.944166666666666288e+01
3.868585666558765457e+00 -9.733333333333332504e+00
4.278296208091274089e+00 -6.582500000000000284e+01
4.403909430533358815e+00 -8.746666666666666856e+01
4.783896436212645042e+00 -8.849166666666667425e+01
3.738066714777469102e+00 -7.794166666666666288e+01
5.299572666758495032e+00 -8.951666666666666572e+01
2.844477175745681485e+00 -5.458333333333332860e+01
4.758109143724309043e+00 -9.080833333333333712e+01
2.927370363039023538e+00 -7.135833333333333428e+01
2.621176281775035033e+00 -7.595833333333334281e+01
3.028571252692537463e+00 -8.013333333333333997e+01
3.168497483523032621e+00 -7.206666666666666288e+01
2.844477175745681485e+00 -2.640000000000000213e+01
3.199755177253474692e+00 -7.504166666666665719e+01
4.686627333069906420e+00 -9.733333333333332504e+00
3.752816431188271462e+00 -8.869166666666666288e+01
5.007299600653416505e+00 -8.845833333333334281e+01
4.142577160920534851e+00 -8.800833333333332575e+01
3.517327882294373431e+00 -6.500833333333333997e+01
4.066400475955629368e+00 -8.506666666666666288e+01
3.381295623003826023e+00 -7.111666666666666003e+01
2.746634198937578653e+00 -7.575000000000000000e+01
4.744824765966686897e+00 -8.991666666666667140e+01
3.981682727371285146e+00 -3.870833333333333570e+01
2.844477175745681485e+00 -5.833333333333333570e+01
3.803320523578753942e+00 -8.029166666666665719e+01
3.457427692946484665e+00 -7.523333333333333428e+01
6.530728984213768129e+00 -9.099166666666667425e+01
2.561101383649055929e+00 -7.389166666666666572e+01
4.620666881958084282e+00 -8.997500000000000853e+01
4.336239528754921579e+00 -9.983333333333332504e+00
3.428782511496954566e+00 -7.561666666666666003e+01
4.621207450116990856e+00 -9.017500000000001137e+01
6.472300566490506668e+00 -9.031666666666666288e+01
3.716670975560135481e+00 -8.854999999999999716e+01
3.925466800691538083e+00 -7.410833333333333428e+01
3.008174184006426444e+00 -4.703333333333333144e+01
5.313411604722626080e+00 -8.893333333333333712e+01
3.446381812222441887e+00 -7.744166666666666288e+01
3.697403723200487491e+00 -8.904166666666665719e+01
4.851160468510884449e+00 -9.022499999999999432e+01
3.973820324352683730e+00 -7.443333333333332291e+01
4.084612020865251658e+00 -7.407500000000000284e+01
4.450864692379766119e+00 -7.467499999999999716e+01
2.856124444242300164e+00 -7.945833333333332860e+01
2.451786435524290209e+00 -6.997499999999999432e+01
3.689220037263835739e+00 -8.786666666666667425e+01
4.224584853731530920e+00 -7.893333333333333712e+01
3.590395947184013004e+00 -6.396666666666666856e+01
5.005819467911864606e+00 -9.019166666666666288e+01
2.399673721481037969e+00 -9.800000000000000711e+00
4.614264287358705197e+00 -8.945000000000000284e+01
3.618361931109878249e+00 -8.484166666666666856e+01
3.926393900269682380e+00 -7.721666666666666856e+01
3.533899100796594528e+00 -7.504999999999999716e+01
3.591732238951835576e+00 -7.604999999999999716e+01
3.697403723200487491e+00 -8.409166666666666856e+01
5.372335628413301478e+00 -8.889166666666666572e+01
4.193235941639753328e+00 -8.975000000000000000e+01
4.031852631395628883e+00 -8.114166666666666572e+01
3.967032882158702201e+00 -7.199166666666666003e+01
4.134177107576766375e+00 -9.983333333333332504e+00
3.982768577251011966e+00 -9.733333333333332504e+00
3.708080810468231459e+00 -8.821666666666666856e+01
2.451786435524290209e+00 -6.334999999999999432e+01
4.509162183508970578e+00 -8.852499999999999147e+01
3.343211590179747450e+00 -6.725833333333332575e+01
3.445604203273597399e+00 -6.529166666666667140e+01
3.123851640967085785e+00 -8.365833333333333144e+01
3.647676313240870716e+00 -8.775000000000000000e+01
3.656098202012831866e+00 -8.782500000000000284e+01
4.174495919375299735e+00 -8.914166666666666572e+01
2.844477175745681485e+00 -5.737500000000000000e+01
4.135450699345513570e+00 -5.180833333333333712e+01
3.275080898456858680e+00 -8.140833333333333144e+01
4.727793302395854269e+00 -8.945833333333332860e+01
2.648360010980931545e+00 -7.488333333333333997e+01
4.756582863977335762e+00 -8.932500000000000284e+01
3.807670301230483556e+00 -2.869166666666666643e+01
3.764475027434408982e+00 -7.252499999999999147e+01
3.906011625271412768e+00 -8.938333333333333997e+01
3.727215820908492461e+00 -8.852499999999999147e+01
5.355415119857600104e+00 -9.013333333333332575e+01
5.233079913521953230e+00 -8.746666666666666856e+01
3.835817354293472814e+00 -4.255833333333333002e+01
4.215954643869129548e+00 -2.560000000000000142e+01
2.942999593366040667e+00 -7.340000000000000568e+01
3.716670975560135481e+00 -8.839166666666666572e+01
2.451786435524290209e+00 -7.006666666666666288e+01
4.491627792785055640e+00 -8.985833333333333428e+01
3.008174184006426444e+00 -5.884166666666666856e+01
3.815843290663266441e+00 -7.854166666666667140e+01
3.689841409137504691e+00 -8.699166666666667425e+01
2.588831725594207267e+00 -6.125833333333333997e+01
3.697403723200487491e+00 -8.829999999999999716e+01
4.179465613075430852e+00 -8.738333333333333997e+01
3.008174184006426444e+00 -3.034999999999999787e+01
3.876160084825627905e+00 -8.125000000000000000e+01
4.042023927248867388e+00 -7.064166666666666572e+01
2.772321706722919998e+00 -7.879166666666667140e+01
2.648360010980931545e+00 -7.579166666666667140e+01
4.827950528302630495e+00 -9.040000000000000568e+01
4.212160959753383338e+00 -8.179166666666665719e+01
6.652516796119951614e+00 -3.973333333333333428e+01
4.369475614018332621e+00 -9.050000000000000000e+01
2.451786435524290209e+00 -6.944166666666666288e+01
3.588047496986082940e+00 -8.740000000000000568e+01
4.197197827487802790e+00 -8.754166666666665719e+01
3.371252629124939393e+00 -6.006666666666666998e+01
5.004514828230996137e+00 -8.991666666666667140e+01
3.781827152932427882e+00 -7.166666666666667140e+01
3.689220037263835739e+00 -8.705833333333333712e+01
2.515873843711679214e+00 -3.862500000000000000e+01
3.935305690289925273e+00 -6.418333333333333712e+01
3.699577591398909071e+00 -7.824166666666666003e+01
4.630458386446080432e+00 -9.053333333333333144e+01
3.862429556106008910e+00 -8.553333333333333144e+01
