9.406036996841430664e+01 2.420731597395698387e+01
1.318648357391357422e+02 1.821967118523621423e+02
1.405210788249969482e+02 1.950205354315431805e+02
1.668013153076171875e+02 1.950205354315431805e+02
6.907510862350463867e+02 1.950205354315431805e+02
1.024949482679367065e+03 1.964546664257100588e+02
1.101234473228454590e+03 2.674611252230414493e+02
1.130305673599243164e+03 2.674611252230414493e+02
1.139543021440505981e+03 2.674611252230414493e+02
1.299597727775573730e+03 3.187122337783740704e+02
1.551972412586212158e+03 3.187122337783740704e+02
1.708093119621276855e+03 3.216479316305958491e+02
1.756549210786819458e+03 3.216479316305958491e+02
1.782392912149429321e+03 3.217137104249388813e+02
1.803984741926193237e+03 3.217137104249388813e+02
1.941157849788665771e+03 3.219468749159675554e+02
2.097597529649734497e+03 3.708693386644014254e+02
2.431951668739318848e+03 3.708693386644014254e+02
2.452362772941589355e+03 3.708693386644014254e+02
2.490850375413894653e+03 3.708693386644014254e+02
2.510382188796997070e+03 3.708693386644014254e+02
2.708401422262191772e+03 3.708693386644014254e+02
3.205936762809753418e+03 3.708693386644014254e+02
3.403558583021163940e+03 3.708693386644014254e+02
3.443616589069366455e+03 3.708693386644014254e+02
3.476017226219177246e+03 3.708693386644014254e+02
3.493886134624481201e+03 3.708693386644014254e+02
3.694345548629760742e+03 3.714420117301555138e+02
3.832879877090454102e+03 3.771993538728463022e+02
4.039000641107559204e+03 3.771993538728463022e+02
4.078581962823867798e+03 3.771993538728463022e+02
4.107879890441894531e+03 3.771993538728463022e+02
4.115546548128128052e+03 3.771993538728463022e+02
4.192181638240814209e+03 3.771993538728463022e+02
4.393219114542007446e+03 3.772324219483298293e+02
4.593224045038223267e+03 3.772324219483298293e+02
4.653312816858291626e+03 3.772324219483298293e+02
4.692769567251205444e+03 3.772324219483298293e+02
4.709238881111145020e+03 3.772324219483298293e+02
5.042777202367782593e+03 3.772529648815615246e+02
5.281129191637039185e+03 3.772529648815615246e+02
5.426002901792526245e+03 3.772744144440373475e+02
5.433766603708267212e+03 3.837878914988338011e+02
5.457119274139404297e+03 3.837878914988338011e+02
5.473143258571624756e+03 3.837878914988338011e+02
5.598845046281814575e+03 3.837878914988338011e+02
5.804160597801208496e+03 3.903738891091878713e+02
5.985441367387771606e+03 3.903738891091878713e+02
6.107348657846450806e+03 3.903738891091878713e+02
6.142099533557891846e+03 3.903738891091878713e+02
6.159618419647216797e+03 3.903738891091878713e+02
6.399346427917480469e+03 3.904692415687720768e+02
6.574770363807678223e+03 3.904734276349898323e+02
6.986142715692520142e+03 3.907712552271653976e+02
7.025666693925857544e+03 3.907712552271653976e+02
7.084986372947692871e+03 3.907712552271653976e+02
7.108798257827758789e+03 3.920782972661521626e+02
7.251393083095550537e+03 3.926647031480442251e+02
7.416150392293930054e+03 3.926647031480442251e+02
7.598236688613891602e+03 3.927192195174751532e+02
7.637929676532745361e+03 3.927192195174751532e+02
7.734507881879806519e+03 3.927192195174751532e+02
7.751442964315414429e+03 4.071217791937053789e+02
7.988143943071365356e+03 4.071217791937053789e+02
8.129196165323257446e+03 4.072349109229162423e+02
8.365196972608566284e+03 4.072599097283181209e+02
8.389167353630065918e+03 4.072599097283181209e+02
8.496077710628509521e+03 4.072599097283181209e+02
8.519872331380844116e+03 4.072599097283181209e+02
8.674462514162063599e+03 4.072599097283181209e+02
8.840775723218917847e+03 4.072664783312043824e+02
8.979877232789993286e+03 4.101681544510012714e+02
9.028568325996398926e+03 4.104987442327764597e+02
9.104407365083694458e+03 4.105501352756472215e+02
9.129293062448501587e+03 4.105887287734835809e+02
9.305638068437576294e+03 4.107701438111820949e+02
9.496416517734527588e+03 4.110794995569472690e+02
9.738129977703094482e+03 4.226124276252887739e+02
9.785355869293212891e+03 4.226124276252887739e+02
9.831040187597274780e+03 4.226772257038924181e+02
9.856147411108016968e+03 4.260234317162168054e+02
9.945923126459121704e+03 4.260234317162168054e+02
1.013951684236526489e+04 4.261676695093649414e+02
1.032820391416549683e+04 4.261676695093649414e+02
1.036838123822212219e+04 4.276516990983491269e+02
1.040600779032707214e+04 4.276516990983491269e+02
1.042402799105644226e+04 4.276516990983491269e+02
1.047957381439208984e+04 4.276516990983491269e+02
1.070176147198677063e+04 4.278474364303065158e+02
1.097709366488456726e+04 4.282750063685672330e+02
1.103995541906356812e+04 4.282750063685672330e+02
1.107008055090904236e+04 4.282750063685672330e+02
1.114471656203269958e+04 4.282750063685672330e+02
1.120769879388809204e+04 4.513697312227093335e+02
1.144733931565284729e+04 4.513697312227093335e+02
1.151802119493484497e+04 4.513697312227093335e+02
1.154895932412147522e+04 4.513701909235340963e+02
1.158933938884735107e+04 4.513851434912400009e+02
1.160742682027816772e+04 4.513851434912400009e+02
1.181316547727584839e+04 4.513851434912400009e+02
1.193315075230598450e+04 4.513851434912400009e+02
1.221090311145782471e+04 4.513851434912400009e+02
1.225210190773010254e+04 4.526019826965995208e+02
1.228856303215026855e+04 4.526019826965995208e+02
1.230623169040679932e+04 4.526019826965995208e+02
1.238938474512100220e+04 4.526019826965995208e+02
1.266597661018371582e+04 4.526019826965995208e+02
1.294645917391777039e+04 4.526019826965995208e+02
1.300300183773040771e+04 4.526019826965995208e+02
1.303525173473358154e+04 4.526163948039059051e+02
1.305576651811599731e+04 4.526163948039059051e+02
1.311012121438980103e+04 4.526163948039059051e+02
1.317261026191711426e+04 4.526163948039059051e+02
1.331078229331970215e+04 4.526163948039059051e+02
1.335296294474601746e+04 4.526846960685110162e+02
1.340635693860054016e+04 4.526846960685110162e+02
1.342362687563896179e+04 4.526846960685110162e+02
1.349850025892257690e+04 4.526846960685110162e+02
1.363463710951805115e+04 4.526846960685110162e+02
1.391104856085777283e+04 4.526846960685110162e+02
1.395319249010086060e+04 4.526846960685110162e+02
1.399877559256553650e+04 4.526846960685110162e+02
1.401627806496620178e+04 4.533437328089368066e+02
1.410474691605567932e+04 4.533691877157797308e+02
1.417530414605140686e+04 4.533691877157797308e+02
1.445181769680976868e+04 4.536102682048580732e+02
1.447572467947006226e+04 4.536102682048580732e+02
1.452199645638465881e+04 4.536102682048580732e+02
1.453952911496162415e+04 4.536102682048580732e+02
1.465359620642662048e+04 4.536651537076915019e+02
1.492933767414093018e+04 4.536651537076915019e+02
1.504993031001091003e+04 4.545099255272270966e+02
1.509112635254859924e+04 4.545099255272270966e+02
1.510791720914840698e+04 4.545099255272270966e+02
1.516166836333274841e+04 4.545099255272270966e+02
1.540219018006324768e+04 4.545099255272270966e+02
1.547281140685081482e+04 4.545099255272270966e+02
1.575016351628303528e+04 4.545099255272270966e+02
1.578700699973106384e+04 4.545099255272270966e+02
1.582392444610595703e+04 4.545099255272270966e+02
1.584391534757614136e+04 4.545099255272270966e+02
1.601105162191390991e+04 4.545099255272270966e+02
1.614988392090797424e+04 4.545099255272270966e+02
1.622101479291915894e+04 4.545099255272270966e+02
1.626234215855598450e+04 4.545099255272270966e+02
1.633653555130958557e+04 4.546265629001274533e+02
1.640703096318244934e+04 4.546367096528479124e+02
1.676855154776573181e+04 4.550737698417348156e+02
1.683856239819526672e+04 4.550737698417348156e+02
1.711565409159660339e+04 4.550737698417348156e+02
1.721645668983459473e+04 4.550737698417348156e+02
1.725036042213439941e+04 4.550737698417348156e+02
1.726689466452598572e+04 4.550737698417348156e+02
1.732983918261528015e+04 4.705852608011031180e+02
1.760370310664176941e+04 4.706423661721365761e+02
1.766370664501190186e+04 4.706423661721365761e+02
1.770331287050247192e+04 4.706423661721365761e+02
1.773697279763221741e+04 4.706423661721365761e+02
1.775217755341529846e+04 4.706423661721365761e+02
1.811361292695999146e+04 4.706423661721365761e+02
1.824057587099075317e+04 4.725446907560875047e+02
1.851671247506141663e+04 4.725446907560875047e+02
1.853577334690093994e+04 4.725446907560875047e+02
1.860201586151123047e+04 4.725446907560875047e+02
1.861712834072113037e+04 4.725446907560875047e+02
1.876100718069076538e+04 4.725446907560875047e+02
1.885887602138519287e+04 4.725446907560875047e+02
1.893426555871963501e+04 4.725446907560875047e+02
1.897610173058509827e+04 4.725446907560875047e+02
1.905207637476921082e+04 4.725446907560875047e+02
1.906707030749320984e+04 4.725446907560875047e+02
1.973822486448287964e+04 4.725446907560875047e+02
1.978611572813987732e+04 4.729341957336081350e+02
2.007130293178558350e+04 4.729341957336081350e+02
2.011384392833709717e+04 4.729341957336081350e+02
2.020866518425941467e+04 4.729632718128660258e+02
2.022424520230293274e+04 4.729632718128660258e+02
2.033275783109664917e+04 4.729840675134773278e+02
2.061015832519531250e+04 4.729955659696511816e+02
2.074094118428230286e+04 4.733730061593217329e+02
2.078273712277412415e+04 4.733730061593217329e+02
2.081929448890686035e+04 4.733730061593217329e+02
2.083718437981605530e+04 4.733730061593217329e+02
2.098231760978698730e+04 4.734169438780619998e+02
2.111249690198898315e+04 4.769231914297150752e+02
2.121156783461570740e+04 4.769231914297150752e+02
2.129550990152359009e+04 4.769231914297150752e+02
2.136293292927742004e+04 4.769231914297150752e+02
2.138102766656875610e+04 4.769231914297150752e+02
2.170916345334053040e+04 4.778374280391110460e+02
2.198762451553344727e+04 4.778765973258949771e+02
2.213632886099815369e+04 4.778765973258949771e+02
2.218314513635635376e+04 4.778765973258949771e+02
2.227613345694541931e+04 4.778765973258949771e+02
2.229167832922935486e+04 4.778765973258949771e+02
2.256999471426010132e+04 4.778765973258949771e+02
2.265676442384719849e+04 4.790295076503061864e+02
2.293426163339614868e+04 4.790295076503061864e+02
2.297122066545486450e+04 4.790295076503061864e+02
2.302411869788169861e+04 4.790295076503061864e+02
2.303949515438079834e+04 4.790295076503061864e+02
2.316847430348396301e+04 4.790295076503061864e+02
2.336621002840995789e+04 4.790695430194987239e+02
2.360708461833000183e+04 4.803986572929960630e+02
2.365610013675689697e+04 4.803986572929960630e+02
2.370237995767593384e+04 4.803986572929960630e+02
2.373751317048072815e+04 4.803986572929960630e+02
2.384648595523834229e+04 4.804304285407113184e+02
2.397707823729515076e+04 4.804304285407113184e+02
2.407850056290626526e+04 4.804304285407113184e+02
2.414861777114868164e+04 4.804304285407113184e+02
2.425720157361030579e+04 4.805334547273578210e+02
2.427219362044334412e+04 4.805334547273578210e+02
2.440299319386482239e+04 4.805334547273578210e+02
2.460337626981735229e+04 4.805334547273578210e+02
2.475114883279800415e+04 4.805334547273578210e+02
2.480494864130020142e+04 4.805334547273578210e+02
2.487868809938430786e+04 4.805334547273578210e+02
2.489421538519859314e+04 4.805334547273578210e+02
2.516767192125320435e+04 4.805357867461710839e+02
2.540793335127830505e+04 4.805357867461710839e+02
2.568604157876968384e+04 4.805357867461710839e+02
2.570521478676795959e+04 4.805357867461710839e+02
2.579481130743026733e+04 4.805373157622062763e+02
2.581233425307273865e+04 4.805373157622062763e+02
2.626491363453865051e+04 4.805373157622062763e+02
2.637523287892341614e+04 4.805373157622062763e+02
2.665556855630874634e+04 4.805373157622062763e+02
2.669592080211639404e+04 4.805373157622062763e+02
2.679231754899024963e+04 4.805373157622062763e+02
2.688268967604637146e+04 4.805373157622062763e+02
2.716676432085037231e+04 4.805373157622062763e+02
2.731761434388160706e+04 4.805373157622062763e+02
2.755964155340194702e+04 4.820840951216056283e+02
2.759739109373092651e+04 4.820840951216056283e+02
2.764237362837791443e+04 4.820840951216056283e+02
2.766332569479942322e+04 4.820840951216056283e+02
2.789936636972427368e+04 4.820840951216056283e+02
2.804789651846885681e+04 4.821650378548681601e+02
2.817603041124343872e+04 4.821917893817784488e+02
2.819616074347496033e+04 4.821917893817784488e+02
2.824235851550102234e+04 4.821917893817784488e+02
2.825807438898086548e+04 4.821917893817784488e+02
2.849293833684921265e+04 4.822932577641987564e+02
2.864300404810905457e+04 4.822932577641987564e+02
2.888813467574119568e+04 4.822932577641987564e+02
2.898860756015777588e+04 4.822932577641987564e+02
2.904182855725288391e+04 4.822932577641987564e+02
2.906158415365219116e+04 4.822932577641987564e+02
2.923733811426162720e+04 4.822932577641987564e+02
2.938680243158340454e+04 4.822932577641987564e+02
2.953477083492279053e+04 4.822932577641987564e+02
2.956682752966880798e+04 4.822932577641987564e+02
2.962454135966300964e+04 4.822932577641987564e+02
2.964007048106193542e+04 4.822932577641987564e+02
2.970999216508865356e+04 4.822932577641987564e+02
2.984082789921760559e+04 4.822932577641987564e+02
3.011883892607688904e+04 4.822932577641987564e+02
3.016572048497200012e+04 4.822932577641987564e+02
3.027380294513702393e+04 4.822932577641987564e+02
3.038521715497970581e+04 4.822932577641987564e+02
3.043713283491134644e+04 4.822932577641987564e+02
3.071432526087760925e+04 4.822932577641987564e+02
3.084436911892890930e+04 4.830060436376485313e+02
3.088201305103302002e+04 4.830060436376485313e+02
3.096964258480072021e+04 4.830060436376485313e+02
3.100031623363494873e+04 4.830060436376485313e+02
3.124077139377593994e+04 4.830060436376485313e+02
3.138917724323272705e+04 4.830060436376485313e+02
3.159272813987731934e+04 4.830060436376485313e+02
3.163786524844169617e+04 4.830060436376485313e+02
3.177655199742317200e+04 4.830060436376485313e+02
3.180252572178840637e+04 4.830060436376485313e+02
3.190094073963165283e+04 4.830060436376485313e+02
3.226701702451705933e+04 4.830060436376485313e+02
3.237884388256072998e+04 4.830060436376485313e+02
3.240401166367530823e+04 4.830060436376485313e+02
3.249505581188201904e+04 4.830060436376485313e+02
3.252572005009651184e+04 4.830060436376485313e+02
3.271533970570564270e+04 4.830106484207865378e+02
3.286415484023094177e+04 4.830106484207865378e+02
3.306906274747848511e+04 4.830106484207865378e+02
3.312461455488204956e+04 4.830106484207865378e+02
3.318647068214416504e+04 4.830106484207865378e+02
3.322226124954223633e+04 4.830106484207865378e+02
3.333228292655944824e+04 4.830106484207865378e+02
3.360801352047920227e+04 4.830515886112032149e+02
3.377675921893119812e+04 4.834103902862927953e+02
3.385203785562515259e+04 4.834103902862927953e+02
3.393048510766029358e+04 4.834103902862927953e+02
3.395588466763496399e+04 4.834103902862927953e+02
3.423014827609062195e+04 4.834103902862927953e+02
3.437389066648483276e+04 4.834103902862927953e+02
3.474012175345420837e+04 4.835238877891554239e+02
3.478899713134765625e+04 4.835337548260785070e+02
3.489879670238494873e+04 4.835337548260785070e+02
3.495722252631187439e+04 4.835813881339705631e+02
3.503811347889900208e+04 4.835813881339705631e+02
3.540426035261154175e+04 4.838577011527185050e+02
3.555258634233474731e+04 4.838577011527185050e+02
3.559308940243721008e+04 4.838577011527185050e+02
3.568531761240959167e+04 4.838577011527185050e+02
3.578416693091392517e+04 4.838577011527185050e+02
3.653922039532661438e+04 4.839361753817943281e+02
3.689403063631057739e+04 4.855646316691029369e+02
3.703655436992645264e+04 4.855646316691029369e+02
3.706937960433959961e+04 4.855646316691029369e+02
3.714730308461189270e+04 4.855646316691029369e+02
3.719896772217750549e+04 4.855646316691029369e+02
3.729233164715766907e+04 4.856684336378556281e+02
3.761105224752426147e+04 4.856684336378556281e+02
3.775906821012496948e+04 4.856684336378556281e+02
3.781875280094146729e+04 4.856684336378556281e+02
3.790957682323455811e+04 4.856684336378556281e+02
3.793620324683189392e+04 4.856684336378556281e+02
3.804477891755104065e+04 4.857340653379333162e+02
3.836095638108253479e+04 4.857340653379333162e+02
3.860095516538619995e+04 4.857340653379333162e+02
3.865645360970497131e+04 4.857340653379333162e+02
3.868592685723304749e+04 4.857340653379333162e+02
3.871589387202262878e+04 4.857340653379333162e+02
3.882697845554351807e+04 4.857340653379333162e+02
3.948021429085731506e+04 4.857340653379333162e+02
4.013426788234710693e+04 4.857340653379333162e+02
4.018691475462913513e+04 4.857340653379333162e+02
4.026272768807411194e+04 4.857340653379333162e+02
4.029333051443099976e+04 4.857340653379333162e+02
4.136901458668708801e+04 4.857340653379333162e+02
4.149793252253532410e+04 4.859048687486192648e+02
4.163426243185997009e+04 4.859048687486192648e+02
4.168463243746757507e+04 4.859048687486192648e+02
4.173851435089111328e+04 4.859048687486192648e+02
4.179854765820503235e+04 4.859048687486192648e+02
4.190843982291221619e+04 4.859215523835262047e+02
4.222076119351387024e+04 4.859215523835262047e+02
4.287131797170639038e+04 4.859215523835262047e+02
4.292193893718719482e+04 4.859215523835262047e+02
4.297723414826393127e+04 4.859215523835262047e+02
4.303523205995559692e+04 4.859215523835262047e+02
4.314232358789443970e+04 4.859215523835262047e+02
4.327066631555557251e+04 4.859317228164613880e+02
4.349100166821479797e+04 4.860096104033590336e+02
4.354892020344734192e+04 4.860096104033590336e+02
4.361273489069938660e+04 4.860096104033590336e+02
4.364340516495704651e+04 4.860096104033590336e+02
4.380382044959068298e+04 4.860096104033590336e+02
4.417117775893211365e+04 4.860133573098419220e+02
4.430169883346557617e+04 4.865931457491343508e+02
4.433497178077697754e+04 4.865931457491343508e+02
4.440101849555969238e+04 4.865931457491343508e+02
4.446029651951789856e+04 4.865931457491343508e+02
4.482132442307472229e+04 4.866188722858809115e+02
4.494864083623886108e+04 4.866188722858809115e+02
4.526567492628097534e+04 4.866188722858809115e+02
4.530829864668846130e+04 4.866188722858809115e+02
4.538537519741058350e+04 4.866188722858809115e+02
4.541178274631500244e+04 4.866188722858809115e+02
4.554120184993743896e+04 4.866188722858809115e+02
4.590745093345642090e+04 4.866188722858809115e+02
4.611509225153923035e+04 4.866188722858809115e+02
4.616610406851768494e+04 4.866188722858809115e+02
4.622193397235870361e+04 4.866188722858809115e+02
4.628108546161651611e+04 4.866188722858809115e+02
4.676338016653060913e+04 4.866529422847322621e+02
4.691231723904609680e+04 4.866529422847322621e+02
4.727973412013053894e+04 4.866529422847322621e+02
4.732142062497138977e+04 4.866529422847322621e+02
4.735428751564025879e+04 4.866529422847322621e+02
4.739629182457923889e+04 4.866529422847322621e+02
4.750629899764060974e+04 4.866529422847322621e+02
4.787337801551818848e+04 4.866529422847322621e+02
4.795867264342308044e+04 4.867411583581789500e+02
4.799927903795242310e+04 4.867411583581789500e+02
4.803905908560752869e+04 4.867411583581789500e+02
4.807385096383094788e+04 4.867411583581789500e+02
4.817888806223869324e+04 4.867411583581789500e+02
4.831755362319946289e+04 4.867411583581789500e+02
4.868378917956352234e+04 4.867411583581789500e+02
4.872563285470008850e+04 4.867411583581789500e+02
4.877172357678413391e+04 4.867411583581789500e+02
4.880788251662254333e+04 4.867411583581789500e+02
4.893366248297691345e+04 4.867411583581789500e+02
4.923319638133049011e+04 4.867411583581789500e+02
4.933057191514968872e+04 4.867411583581789500e+02
4.937089074659347534e+04 4.867411583581789500e+02
4.941792771148681641e+04 4.867411583581789500e+02
4.944697464990615845e+04 4.867411583581789500e+02
4.957973964309692383e+04 4.868554751147854631e+02
4.965022259092330933e+04 4.868554751147854631e+02
4.974024649310112000e+04 4.869879130207515345e+02
4.978174844765663147e+04 4.869879130207515345e+02
4.980817826080322266e+04 4.869879130207515345e+02
4.983980171728134155e+04 4.869879130207515345e+02
4.996476394367218018e+04 4.869879130207515345e+02
5.012711284756660461e+04 4.869879130207515345e+02
5.034543508934974670e+04 4.869879130207515345e+02
5.039213866925239563e+04 4.869879130207515345e+02
5.043387013411521912e+04 4.869879130207515345e+02
5.047126336908340454e+04 4.869879130207515345e+02
5.059954445791244507e+04 4.869893439407522919e+02
5.068626845121383667e+04 4.869893439407522919e+02
5.085072006464004517e+04 4.869893439407522919e+02
5.089084075784683228e+04 4.869893439407522919e+02
5.091918188786506653e+04 4.869893439407522919e+02
5.095656674289703369e+04 4.869893439407522919e+02
5.105568904018402100e+04 4.870562456559774773e+02
5.121792457318305969e+04 4.870562456559774773e+02
5.132526583147048950e+04 4.875334762142296086e+02
5.137322665405273438e+04 4.875451290736970122e+02
5.140536665940284729e+04 4.875451290736970122e+02
5.144289543128013611e+04 4.875451290736970122e+02
5.153882941102981567e+04 4.875451290736970122e+02
5.164328292775154114e+04 4.875451290736970122e+02
5.177602021288871765e+04 4.875451290736970122e+02
5.181580451822280884e+04 4.875496370163813253e+02
5.184811095452308655e+04 4.875496370163813253e+02
5.188604185438156128e+04 4.875496370163813253e+02
5.203655774331092834e+04 4.875496370163813253e+02
5.218555812311172485e+04 4.875496370163813253e+02
5.230900466394424438e+04 4.875496370163813253e+02
5.235487929344177246e+04 4.875531468493444436e+02
5.238832828712463379e+04 4.875531468493444436e+02
5.242516414046287537e+04 4.875531468493444436e+02
5.255237912464141846e+04 4.875531468493444436e+02
5.267633976387977600e+04 4.875558470561660442e+02
5.280543971657752991e+04 4.875558470561660442e+02
5.284729335999488831e+04 4.876004618635707857e+02
5.288043519639968872e+04 4.876004618635707857e+02
5.290938851213455200e+04 4.876004618635707857e+02
5.303990464735031128e+04 4.876004618635707857e+02
5.314327312183380127e+04 4.876004618635707857e+02
5.329832509946823120e+04 4.876004618635707857e+02
5.333816887235641479e+04 4.876004618635707857e+02
5.337469349288940430e+04 4.876004618635707857e+02
5.341130194902420044e+04 4.876004618635707857e+02
5.353989943504333496e+04 4.876004618635707857e+02
5.365979215478897095e+04 4.876004618635707857e+02
5.395780258011817932e+04 4.884723100301565637e+02
5.399915563130378723e+04 4.884883683510395258e+02
5.404599709343910217e+04 4.884883683510395258e+02
5.408293120193481445e+04 4.884883683510395258e+02
5.432472886753082275e+04 4.884883683510395258e+02
5.445754820489883423e+04 4.884883683510395258e+02
5.458088955521583557e+04 4.884883683510395258e+02
5.462910652184486389e+04 4.884883683510395258e+02
5.469237408661842346e+04 4.884883683510395258e+02
5.472327024745941162e+04 4.884883683510395258e+02
5.483968515110015869e+04 4.884883683510395258e+02
5.497002399063110352e+04 4.884946018707216808e+02
5.510290230083465576e+04 4.885452715528397221e+02
5.514125393056869507e+04 4.885452715528397221e+02
5.520511852478981018e+04 4.885452715528397221e+02
5.524246062707901001e+04 4.885477752916190184e+02
5.537302809762954712e+04 4.885477752916190184e+02
5.550391851258277893e+04 4.885477752916190184e+02
5.562904165005683899e+04 4.885477752916190184e+02
5.567158766174316406e+04 4.885477752916190184e+02
5.570389790987968445e+04 4.885477752916190184e+02
5.573958697938919067e+04 4.885477752916190184e+02
5.589384125256538391e+04 4.885477752916190184e+02
5.607043866324424744e+04 4.885477752916190184e+02
5.620916317033767700e+04 4.885477752916190184e+02
5.625426387095451355e+04 4.885477752916190184e+02
5.629399839329719543e+04 4.885477752916190184e+02
5.633592115497589111e+04 4.885477752916190184e+02
5.647895161938667297e+04 4.885477752916190184e+02
5.660841084432601929e+04 4.885535089373435085e+02
5.672345223641395569e+04 4.885535089373435085e+02
5.676561964511871338e+04 4.885535089373435085e+02
5.680077267670631409e+04 4.885535089373435085e+02
5.683069957613945007e+04 4.885535089373435085e+02
5.696064905810356140e+04 4.885535089373435085e+02
5.708695076274871826e+04 4.885535089373435085e+02
5.721512752079963684e+04 4.885535089373435085e+02
5.725737454438209534e+04 4.885535089373435085e+02
5.729041080474853516e+04 4.885535089373435085e+02
5.732704616641998291e+04 4.885535089373435085e+02
5.743371117711067200e+04 4.888674039045558857e+02
5.775392362880706787e+04 4.888674039045558857e+02
5.788198276853561401e+04 4.888674039045558857e+02
5.791920849871635437e+04 4.888674039045558857e+02
5.795087335634231567e+04 4.888674039045558857e+02
5.798888047170639038e+04 4.888674039045558857e+02
5.811847412037849426e+04 4.888674039045558857e+02
5.822257419657707214e+04 4.888674039045558857e+02
5.835108421468734741e+04 4.888674039045558857e+02
5.839332228517532349e+04 4.888678071400535146e+02
5.843904768776893616e+04 4.888678071400535146e+02
5.848101415181159973e+04 4.888678071400535146e+02
5.860900603389739990e+04 4.888678071400535146e+02
5.872522597169876099e+04 4.888678071400535146e+02
5.883053851485252380e+04 4.888678071400535146e+02
5.887554756855964661e+04 4.888678071400535146e+02
5.892199180483818054e+04 4.888678071400535146e+02
5.895739720726013184e+04 4.888678071400535146e+02
5.905937294745445251e+04 4.889842255417747765e+02
5.914827928209304810e+04 4.889842255417747765e+02
5.925109510827064514e+04 4.889842255417747765e+02
5.928795656633377075e+04 4.889842255417747765e+02
5.932724163961410522e+04 4.890565098391937227e+02
5.937248614215850830e+04 4.890565098391937227e+02
5.950058024024963379e+04 4.890565098391937227e+02
5.970533858275413513e+04 4.890565098391937227e+02
5.984091251349449158e+04 4.890565098391937227e+02
5.988331661725044250e+04 4.890565098391937227e+02
5.991639623188972473e+04 4.890565098391937227e+02
5.994658103251457214e+04 4.890565098391937227e+02
6.006205937504768372e+04 4.890565098391937227e+02
6.022229825925827026e+04 4.890565098391937227e+02
6.034540160274505615e+04 4.890565098391937227e+02
6.038524473953247070e+04 4.890855331415323235e+02
6.041669581508636475e+04 4.890855331415323235e+02
6.044940182900428772e+04 4.890855331415323235e+02
6.055473109936714172e+04 4.890855331415323235e+02
6.069407132816314697e+04 4.890855331415323235e+02
6.081761320924758911e+04 4.890855331415323235e+02
6.085540943408012390e+04 4.890855331415323235e+02
6.088748045110702515e+04 4.890855331415323235e+02
6.091603092694282532e+04 4.890855331415323235e+02
6.103087668037414551e+04 4.890855331415323235e+02
6.115152002382278442e+04 4.890855331415323235e+02
6.125219510889053345e+04 4.890855331415323235e+02
6.129929522109031677e+04 4.890855331415323235e+02
6.134837396669387817e+04 4.890855331415323235e+02
6.137810669159889221e+04 4.890855331415323235e+02
6.147530305790901184e+04 4.890855331415323235e+02
6.158244011807441711e+04 4.890855331415323235e+02
6.171511453413963318e+04 4.890855331415323235e+02
6.174875004982948303e+04 4.890855331415323235e+02
6.178893088769912720e+04 4.890855331415323235e+02
6.181743058919906616e+04 4.890855331415323235e+02
6.192008734226226807e+04 4.890855331415323235e+02
6.207826341605186462e+04 4.890922574487175325e+02
6.225964483833312988e+04 4.890922574487175325e+02
6.229403485393524170e+04 4.890922574487175325e+02
6.232615880465507507e+04 4.890922574487175325e+02
6.235468424987792969e+04 4.890922574487175325e+02
6.250876385855674744e+04 4.890922574487175325e+02
6.263461736011505127e+04 4.890922574487175325e+02
6.276936333298683167e+04 4.890922574487175325e+02
6.279939575600624084e+04 4.890922574487175325e+02
6.283206239199638367e+04 4.890922574487175325e+02
6.287189023780822754e+04 4.890922574487175325e+02
6.297391412448883057e+04 4.890922574487175325e+02
6.308366364216804504e+04 4.890922574487175325e+02
6.318672123742103577e+04 4.892433311353229328e+02
6.321964543008804321e+04 4.892433311353229328e+02
6.325915843701362610e+04 4.892433311353229328e+02
6.329419128751754761e+04 4.892433311353229328e+02
6.341054995131492615e+04 4.892433311353229328e+02
6.353447482490539551e+04 4.900679996838838406e+02
6.379095909571647644e+04 4.900679996838838406e+02
6.383059169030189514e+04 4.900679996838838406e+02
6.386370958900451660e+04 4.900679996838838406e+02
6.390524855923652649e+04 4.900679996838838406e+02
6.400331283426284790e+04 4.901000035542497244e+02
6.411049798822402954e+04 4.901000035542497244e+02
6.423475596618652344e+04 4.901000035542497244e+02
6.427746113038063049e+04 4.902024869583508462e+02
6.431658923053741455e+04 4.902024869583508462e+02
6.435140784740447998e+04 4.902024869583508462e+02
6.445706136679649353e+04 4.902024869583508462e+02
6.464366557765007019e+04 4.902024869583508462e+02
6.477022286200523376e+04 4.902024869583508462e+02
6.480960495471954346e+04 4.902196496785544468e+02
6.488313554406166077e+04 4.902196496785544468e+02
6.491390949392318726e+04 4.902196496785544468e+02
6.499332354331016541e+04 4.902196496785544468e+02
6.511601970124244690e+04 4.902196496785544468e+02
6.531794911146163940e+04 4.902196496785544468e+02
6.535882028222084045e+04 4.902264223164029318e+02
6.539197549104690552e+04 4.902264223164029318e+02
6.542215704917907715e+04 4.902264223164029318e+02
6.554783135986328125e+04 4.902264223164029318e+02
6.570884003496170044e+04 4.902264223164029318e+02
6.583244352459907532e+04 4.902264223164029318e+02
6.585958884954452515e+04 4.902264223164029318e+02
6.589962117648124695e+04 4.902264223164029318e+02
6.592965059876441956e+04 4.902264223164029318e+02
6.602990510845184326e+04 4.903393776898427632e+02
6.613419684886932373e+04 4.906877043698383432e+02
6.625372797560691833e+04 4.907219650853334088e+02
6.629186664032936096e+04 4.907219650853334088e+02
6.631954600811004639e+04 4.907219650853334088e+02
6.635063978171348572e+04 4.907219650853334088e+02
6.643449544548988342e+04 4.907219650853334088e+02
6.656050458693504333e+04 4.907219650853334088e+02
6.670397545599937439e+04 4.907219650853334088e+02
6.674178462171554565e+04 4.907219650853334088e+02
6.677273475265502930e+04 4.907219650853334088e+02
6.680171528053283691e+04 4.907219650853334088e+02
6.690388697981834412e+04 4.907219650853334088e+02
6.709778069376945496e+04 4.907219650853334088e+02
6.721022847604751587e+04 4.907219650853334088e+02
6.724890497660636902e+04 4.907219650853334088e+02
6.728342333865165710e+04 4.907219650853334088e+02
6.731820039653778076e+04 4.907219650853334088e+02
6.742616053843498230e+04 4.907652144749072249e+02
6.760320239186286926e+04 4.907652144749072249e+02
6.769156082725524902e+04 4.907652144749072249e+02
6.773107851219177246e+04 4.907652144749072249e+02
6.777130228877067566e+04 4.907652144749072249e+02
6.783842673993110657e+04 4.907652144749072249e+02
6.798978710460662842e+04 4.907652144749072249e+02
6.820257883906364441e+04 4.907652144749072249e+02
6.831621952939033508e+04 4.907652144749072249e+02
6.835641703462600708e+04 4.907652144749072249e+02
6.838977493381500244e+04 4.907652144749072249e+02
6.841984525942802429e+04 4.907652144749072249e+02
6.858022486519813538e+04 4.907652144749072249e+02
6.869337553501129150e+04 4.907652144749072249e+02
6.879731579518318176e+04 4.907920211024747914e+02
6.883043659567832947e+04 4.907920211024747914e+02
6.886930803751945496e+04 4.907920211024747914e+02
6.890100412106513977e+04 4.907920211024747914e+02
6.902751697015762329e+04 4.907920211024747914e+02
6.917041629266738892e+04 4.907920211024747914e+02
6.927001616907119751e+04 4.907920211024747914e+02
6.931080235338211060e+04 4.907920211024747914e+02
6.934422492074966431e+04 4.907920211024747914e+02
6.938147749209403992e+04 4.907920211024747914e+02
6.948706949663162231e+04 4.907920211024747914e+02
6.961149338889122009e+04 4.907920211024747914e+02
6.970218571662902832e+04 4.907920211024747914e+02
6.974165208625793457e+04 4.907920211024747914e+02
6.978300043988227844e+04 4.907920211024747914e+02
6.981262997364997864e+04 4.907920211024747914e+02
6.993296615123748779e+04 4.907920211024747914e+02
7.007316837930679321e+04 4.907920211024747914e+02
7.019796407651901245e+04 4.907920211024747914e+02
7.025708276343345642e+04 4.907920211024747914e+02
7.029683257222175598e+04 4.907920211024747914e+02
7.034138402843475342e+04 4.907920211024747914e+02
7.042803278708457947e+04 4.907920211024747914e+02
7.059884750270843506e+04 4.907920211024747914e+02
7.072385522532463074e+04 4.916415696731580738e+02
7.075885621333122253e+04 4.916415696731580738e+02
7.079173807692527771e+04 4.916415696731580738e+02
7.082916365170478821e+04 4.916415696731580738e+02
7.099198071575164795e+04 4.916415696731580738e+02
7.110290562081336975e+04 4.916415696731580738e+02
7.121633140039443970e+04 4.916415696731580738e+02
7.125525260806083679e+04 4.916415696731580738e+02
7.129020672249794006e+04 4.916415696731580738e+02
7.132235318231582642e+04 4.916415696731580738e+02
7.143176224946975708e+04 4.916415696731580738e+02
7.162599071383476257e+04 4.916415696731580738e+02
7.170854076266288757e+04 4.919113103423165967e+02
7.174666660070419312e+04 4.919113103423165967e+02
7.177943045234680176e+04 4.919113103423165967e+02
7.180553904700279236e+04 4.919113103423165967e+02
7.192962050175666809e+04 4.919113103423165967e+02
7.201394993138313293e+04 4.920669995876027087e+02
7.213046418738365173e+04 4.920921778269475908e+02
7.216513712811470032e+04 4.921312399166387195e+02
7.219872539258003235e+04 4.921312399166387195e+02
7.223664884591102600e+04 4.921312399166387195e+02
7.242610913920402527e+04 4.921312399166387195e+02
7.254396833586692810e+04 4.922510130124940133e+02
7.264836124300956726e+04 4.922510130124940133e+02
7.269149103617668152e+04 4.922510130124940133e+02
7.272257123351097107e+04 4.922510130124940133e+02
7.275084169697761536e+04 4.922510130124940133e+02
7.286612927031517029e+04 4.922510130124940133e+02
7.314956571173667908e+04 4.922510130124940133e+02
7.331048582410812378e+04 4.922510130124940133e+02
7.334893805050849915e+04 4.922733844445139084e+02
7.338172934269905090e+04 4.922733844445139084e+02
7.341209520864486694e+04 4.922733844445139084e+02
7.350057687759399414e+04 4.922733844445139084e+02
7.364254964327812195e+04 4.922907108197310890e+02
7.378239804887771606e+04 4.922907108197310890e+02
7.381849122333526611e+04 4.922907108197310890e+02
7.384890755748748779e+04 4.922907108197310890e+02
7.387802219629287720e+04 4.922907108197310890e+02
7.397741385889053345e+04 4.922907108197310890e+02
7.406073868727684021e+04 4.924125427189110269e+02
7.421676416492462158e+04 4.924125427189110269e+02
7.425006780719757080e+04 4.924125427189110269e+02
7.428311822462081909e+04 4.924125427189110269e+02
7.431258386158943176e+04 4.924125427189110269e+02
7.447331748175621033e+04 4.925785501113532519e+02
7.459880369877815247e+04 4.925785501113532519e+02
7.468056142306327820e+04 4.925785501113532519e+02
7.472142015123367310e+04 4.925785501113532519e+02
7.476090677165985107e+04 4.925785501113532519e+02
7.479582644057273865e+04 4.925785501113532519e+02
7.491756265664100647e+04 4.927402640354262076e+02
7.498831714558601379e+04 4.927402640354262076e+02
7.532825539350509644e+04 4.927402640354262076e+02
7.536348680543899536e+04 4.927402640354262076e+02
7.540755088782310486e+04 4.927402640354262076e+02
7.543741003084182739e+04 4.927402640354262076e+02
7.552471950221061707e+04 4.927402640354262076e+02
7.571657394599914551e+04 4.927402640354262076e+02
7.584580136895179749e+04 4.927402640354262076e+02
7.588541626405715942e+04 4.927402640354262076e+02
7.591641688227653503e+04 4.927402640354262076e+02
7.595358416056632996e+04 4.927402640354262076e+02
7.604985716652870178e+04 4.927402640354262076e+02
7.613141935443878174e+04 4.928986059485029045e+02
7.620218246579170227e+04 4.930882156141358337e+02
7.623439271283149719e+04 4.930882156141358337e+02
7.626747358727455139e+04 4.930882156141358337e+02
7.629561671066284180e+04 4.930882156141358337e+02
7.642001008653640747e+04 4.930882156141358337e+02
7.654263640427589417e+04 4.934828888910504929e+02
7.668337210536003113e+04 4.934828888910504929e+02
7.672486270546913147e+04 4.934828888910504929e+02
7.675479393601417542e+04 4.934828888910504929e+02
7.679531092262268066e+04 4.934828888910504929e+02
7.688870050072669983e+04 4.934828888910504929e+02
7.697103144192695618e+04 4.934828888910504929e+02
7.710250447249412537e+04 4.934828888910504929e+02
7.714209727549552917e+04 4.934828888910504929e+02
7.717481782197952271e+04 4.934828888910504929e+02
7.721138412833213806e+04 4.934828888910504929e+02
7.733559613776206970e+04 4.934828888910504929e+02
7.789292911267280579e+04 4.934828888910504929e+02
7.797454564023017883e+04 4.938848124682075422e+02
7.801342322015762329e+04 4.938848124682075422e+02
7.807968564796447754e+04 4.938848124682075422e+02
7.810707942581176758e+04 4.938848124682075422e+02
7.821888546943664551e+04 4.938848124682075422e+02
7.876465074896812439e+04 4.938848124682075422e+02
7.888967566561698914e+04 4.940393342910177807e+02
7.892609623312950134e+04 4.940393342910177807e+02
7.895840444874763489e+04 4.940393342910177807e+02
7.898596047854423523e+04 4.940393342910177807e+02
7.906888588476181030e+04 4.940393342910177807e+02
7.919118041491508484e+04 4.942199465115186285e+02
7.934561846566200256e+04 4.942199465115186285e+02
7.938464025783538818e+04 4.942199465115186285e+02
7.941853706526756287e+04 4.942199465115186285e+02
7.946188820576667786e+04 4.942199465115186285e+02
7.955059632706642151e+04 4.944239630831723389e+02
7.963182052826881409e+04 4.950051542240356639e+02
7.978568877148628235e+04 4.950345472960248117e+02
7.981828022456169128e+04 4.950345472960248117e+02
7.985946182346343994e+04 4.950345472960248117e+02
7.988973694205284119e+04 4.950345472960248117e+02
7.996035495185852051e+04 4.950351183789467768e+02
8.009142450118064880e+04 4.950351183789467768e+02
8.020441630101203918e+04 4.950752713057673873e+02
8.024486989641189575e+04 4.950752713057673873e+02
8.027814717888832092e+04 4.950752713057673873e+02
8.030398652005195618e+04 4.950752713057673873e+02
8.042886271977424622e+04 4.950752713057673873e+02
8.061317064881324768e+04 4.950752713057673873e+02
8.073902516770362854e+04 4.950752713057673873e+02
8.077153230524063110e+04 4.950752713057673873e+02
8.080554088401794434e+04 4.950752713057673873e+02
8.084000823235511780e+04 4.950752713057673873e+02
8.093338646626472473e+04 4.950752713057673873e+02
8.105403021407127380e+04 4.950752713057673873e+02
8.117685751438140869e+04 4.950752713057673873e+02
8.121598031139373779e+04 4.950752713057673873e+02
8.124247516489028931e+04 4.950752713057673873e+02
8.127657562637329102e+04 4.950752713057673873e+02
8.138301722121238708e+04 4.959892773095400571e+02
8.149270600962638855e+04 4.961101003069068156e+02
8.161406797385215759e+04 4.961125844445506345e+02
8.165364718866348267e+04 4.961125844445506345e+02
8.168685765099525452e+04 4.961125844445506345e+02
8.172582659173011780e+04 4.961125844445506345e+02
8.181794878602027893e+04 4.961125844445506345e+02
8.194599084806442261e+04 4.961125844445506345e+02
8.201743958497047424e+04 4.961125844445506345e+02
8.204945962810516357e+04 4.961125844445506345e+02
8.208876980781555176e+04 4.961125844445506345e+02
8.211811970281600952e+04 4.961125844445506345e+02
8.224387664437294006e+04 4.961863057062960252e+02
8.235505053091049194e+04 4.961863057062960252e+02
8.248282856202125549e+04 4.961863057062960252e+02
8.256339149928092957e+04 4.961863057062960252e+02
8.260297663736343384e+04 4.961863057062960252e+02
8.263588413190841675e+04 4.961863057062960252e+02
8.271916299891471863e+04 4.961863057062960252e+02
8.284267462778091431e+04 4.961863057062960252e+02
8.291778793430328369e+04 4.961963262432075226e+02
8.295598164916038513e+04 4.961963262432075226e+02
8.298768218159675598e+04 4.961963262432075226e+02
8.301415701198577881e+04 4.961963262432075226e+02
8.311348445773124695e+04 4.961963262432075226e+02
8.318876812887191772e+04 4.961963262432075226e+02
8.339112829327583313e+04 4.961963262432075226e+02
8.343051503467559814e+04 4.961963262432075226e+02
8.346064462876319885e+04 4.961963262432075226e+02
8.350105654168128967e+04 4.961963262432075226e+02
8.365489919042587280e+04 4.961963262432075226e+02
8.374780534601211548e+04 4.964337673328457186e+02
8.382373328232765198e+04 4.964337673328457186e+02
8.386340114593505859e+04 4.964337673328457186e+02
8.389586940979957581e+04 4.964337673328457186e+02
8.398208754563331604e+04 4.964337673328457186e+02
8.413541345381736755e+04 4.964458907874268334e+02
8.420014539623260498e+04 4.964458907874268334e+02
8.432540551280975342e+04 4.966156193550154967e+02
8.436054730677604675e+04 4.966156193550154967e+02
8.439330337095260620e+04 4.966156193550154967e+02
8.441902227783203125e+04 4.966156193550154967e+02
8.452871273040771484e+04 4.966156193550154967e+02
8.469752778339385986e+04 4.966156193550154967e+02
8.477282295489311218e+04 4.966156193550154967e+02
8.481218455457687378e+04 4.966156193550154967e+02
8.485692782711982727e+04 4.966156193550154967e+02
8.489059012508392334e+04 4.966156193550154967e+02
8.501630323100090027e+04 4.966156193550154967e+02
