4.395046676784403417e+00 -8.936666666666667425e+01
3.411451342137937548e+00 -8.234166666666666856e+01
5.560670454793317674e+00 -9.140000000000000568e+01
5.586833635036811074e+00 -9.197499999999999432e+01
2.705863712283919309e+00 -6.953333333333333144e+01
2.491361693834272639e+00 -5.971666666666666146e+01
4.056904851336472717e+00 -8.811666666666666003e+01
2.372912002970106737e+00 -9.733333333333332504e+00
2.783188691075257459e+00 -7.528333333333333144e+01
5.576040580670696301e+00 -9.154166666666667140e+01
3.370328007779510582e+00 -8.181666666666667709e+01
3.542700969448111081e+00 -8.410833333333333428e+01
2.877946951629188455e+00 -7.667500000000001137e+01
3.461198288622493013e+00 -8.391666666666665719e+01
5.417770531116925525e+00 -9.107499999999998863e+01
3.222196046301720074e+00 -8.063333333333333997e+01
6.430515418485116541e+00 -9.202500000000000568e+01
3.096910013008056239e+00 -7.900000000000000000e+01
2.562292864456474639e+00 -6.000000000000000000e+01
3.466422722433792014e+00 -8.404999999999999716e+01
3.575764980536719317e+00 -8.427500000000000568e+01
3.381476090275029822e+00 -8.194166666666666288e+01
2.408239965311849584e+00 -5.490833333333333854e+01
4.511990251080793435e+00 -8.953333333333333144e+01
4.595859818764417959e+00 -9.001666666666666572e+01
2.621176281775035033e+00 -6.917499999999999716e+01
4.664679575182304028e+00 -9.029999999999999716e+01
5.031876845634541517e+00 -9.101666666666666572e+01
5.021776233864664540e+00 -9.044166666666666288e+01
