5.560670454793317674e+00 -9.140000000000000568e+01
5.586833635036811074e+00 -9.197499999999999432e+01
2.372912002970106737e+00 -9.733333333333332504e+00
5.576040580670696301e+00 -9.154166666666667140e+01
3.542700969448111081e+00 -8.410833333333333428e+01
3.461198288622493013e+00 -8.391666666666665719e+01
3.466422722433792014e+00 -8.404999999999999716e+01
3.575764980536719317e+00 -8.427500000000000568e+01
2.408239965311849584e+00 -5.490833333333333854e+01
5.031876845634541517e+00 -9.101666666666666572e+01
6.322960478244429083e+00 -9.254166666666667140e+01
5.041313715345860480e+00 -9.129166666666667140e+01
4.171901890731724016e+00 -9.017500000000001137e+01
4.406778551190973836e+00 -9.085833333333333428e+01
2.621176281775035033e+00 -7.595833333333334281e+01
3.028571252692537463e+00 -8.013333333333333997e+01
2.561101383649055929e+00 -7.389166666666666572e+01
3.697403723200487491e+00 -8.904166666666665719e+01
2.856124444242300164e+00 -7.945833333333332860e+01
3.689220037263835739e+00 -8.786666666666667425e+01
2.399673721481037969e+00 -9.800000000000000711e+00
3.123851640967085785e+00 -8.365833333333333144e+01
3.647676313240870716e+00 -8.775000000000000000e+01
3.656098202012831866e+00 -8.782500000000000284e+01
3.906011625271412768e+00 -8.938333333333333997e+01
2.451786435524290209e+00 -7.006666666666666288e+01
2.772321706722919998e+00 -7.879166666666667140e+01
4.369475614018332621e+00 -9.050000000000000000e+01
3.588047496986082940e+00 -8.740000000000000568e+01
