4.985071527998715446e+00 -9.014166666666666572e+01
3.252610340567373193e+00 -7.842499999999999716e+01
2.837588438235511212e+00 -7.054999999999999716e+01
4.395046676784403417e+00 -8.936666666666667425e+01
3.411451342137937548e+00 -8.234166666666666856e+01
3.038620161949702858e+00 -7.461666666666666003e+01
5.560670454793317674e+00 -9.140000000000000568e+01
5.513839288391432447e+00 -9.045833333333332860e+01
5.586833635036811074e+00 -9.197499999999999432e+01
2.705863712283919309e+00 -6.953333333333333144e+01
5.198340871447985734e+00 -9.026666666666666572e+01
3.555457217204649467e+00 -8.403333333333333144e+01
3.135768514567822240e+00 -7.802500000000000568e+01
5.262766609875479062e+00 -9.044166666666666288e+01
2.491361693834272639e+00 -5.971666666666666146e+01
4.056904851336472717e+00 -8.811666666666666003e+01
3.370328007779510582e+00 -7.979166666666667140e+01
2.372912002970106737e+00 -9.733333333333332504e+00
