3.817234730425498324e+00 -8.397499999999999432e+01
5.410227059791465010e+00 -9.024166666666666003e+01
5.963436473197835319e+00 -9.177499999999999147e+01
4.985071527998715446e+00 -9.014166666666666572e+01
5.619122561002398264e+00 -9.040000000000000568e+01
5.690722232450013074e+00 -9.049166666666667425e+01
4.724930914192397857e+00 -8.750000000000000000e+01
6.854220814535766593e+00 -9.193333333333333712e+01
3.252610340567373193e+00 -7.842499999999999716e+01
5.834217815976062482e+00 -9.144166666666666288e+01
3.392169149489736135e+00 -7.930833333333333712e+01
4.245364587634763431e+00 -8.715000000000000568e+01
3.422753941301348135e+00 -8.078333333333333144e+01
3.555457217204649467e+00 -8.386666666666667425e+01
2.837588438235511212e+00 -7.054999999999999716e+01
5.635558133480265575e+00 -9.040833333333333144e+01
5.814057050529802595e+00 -9.123333333333333428e+01
