3.411451342137937548e+00 -8.234166666666666856e+01
5.560670454793317674e+00 -9.140000000000000568e+01
5.586833635036811074e+00 -9.197499999999999432e+01
2.491361693834272639e+00 -5.971666666666666146e+01
2.372912002970106737e+00 -9.733333333333332504e+00
2.783188691075257459e+00 -7.528333333333333144e+01
5.576040580670696301e+00 -9.154166666666667140e+01
3.370328007779510582e+00 -8.181666666666667709e+01
3.542700969448111081e+00 -8.410833333333333428e+01
2.877946951629188455e+00 -7.667500000000001137e+01
3.461198288622493013e+00 -8.391666666666665719e+01
3.222196046301720074e+00 -8.063333333333333997e+01
3.096910013008056239e+00 -7.900000000000000000e+01
2.562292864456474639e+00 -6.000000000000000000e+01
3.466422722433792014e+00 -8.404999999999999716e+01
3.575764980536719317e+00 -8.427500000000000568e+01
3.381476090275029822e+00 -8.194166666666666288e+01
2.408239965311849584e+00 -5.490833333333333854e+01
5.031876845634541517e+00 -9.101666666666666572e+01
3.179264464339025320e+00 -8.055833333333333712e+01
4.999834936732868940e+00 -9.070833333333332860e+01
4.635724954531139197e+00 -9.040000000000000568e+01
6.322960478244429083e+00 -9.254166666666667140e+01
3.169674434058806778e+00 -7.965000000000000568e+01
4.749604925478946527e+00 -9.066666666666665719e+01
4.687056063029478636e+00 -9.049166666666667425e+01
2.586587304671755128e+00 -6.907500000000000284e+01
4.272445019048976000e+00 -8.970833333333332860e+01
3.894869656745252762e+00 -8.894166666666666288e+01
5.041313715345860480e+00 -9.129166666666667140e+01
3.851564082263488675e+00 -8.688333333333333997e+01
2.621176281775035033e+00 -7.445833333333334281e+01
4.495405563146193550e+00 -9.028333333333333144e+01
4.107684719655841477e+00 -8.930833333333333712e+01
