4.985071527998715446e+00 -9.014166666666666572e+01
4.395046676784403417e+00 -8.936666666666667425e+01
3.411451342137937548e+00 -8.234166666666666856e+01
5.560670454793317674e+00 -9.140000000000000568e+01
5.586833635036811074e+00 -9.197499999999999432e+01
2.705863712283919309e+00 -6.953333333333333144e+01
5.198340871447985734e+00 -9.026666666666666572e+01
3.135768514567822240e+00 -7.802500000000000568e+01
2.491361693834272639e+00 -5.971666666666666146e+01
4.056904851336472717e+00 -8.811666666666666003e+01
2.372912002970106737e+00 -9.733333333333332504e+00
2.783188691075257459e+00 -7.528333333333333144e+01
5.232375972799311548e+00 -9.074166666666666003e+01
5.576040580670696301e+00 -9.154166666666667140e+01
2.453318340047037527e+00 -5.039166666666666572e+01
3.370328007779510582e+00 -8.181666666666667709e+01
3.215373152783421951e+00 -7.858333333333334281e+01
4.775136943680950985e+00 -8.984999999999999432e+01
2.621176281775035033e+00 -6.813333333333333997e+01
4.026206297083118280e+00 -8.418333333333333712e+01
3.542700969448111081e+00 -8.410833333333333428e+01
2.877946951629188455e+00 -7.667500000000001137e+01
3.461198288622493013e+00 -8.391666666666665719e+01
4.746945409615104694e+00 -8.971666666666666856e+01
5.417770531116925525e+00 -9.107499999999998863e+01
3.222196046301720074e+00 -8.063333333333333997e+01
