2.606143810749053955e+02 2.893093548375403756e+01
1.286596337080001831e+03 2.985169949348165019e+01
2.196685080766677856e+03 3.551328845968630787e+01
5.019131880998611450e+03 3.551328845968630787e+01
8.233453159809112549e+03 1.241498704059450660e+02
1.106807725954055786e+04 1.241498704059450660e+02
1.132219010472297668e+04 1.241498704059450660e+02
1.222904719018936157e+04 1.241498704059450660e+02
1.298662463545799255e+04 1.241498704059450660e+02
1.625051823759078979e+04 1.241498704059450660e+02
1.910769371247291565e+04 1.241498704059450660e+02
2.235579736661911011e+04 1.534857358390212312e+02
2.261575475335121155e+04 1.534857358390212312e+02
2.284219353580474854e+04 1.534857358390212312e+02
2.289616657662391663e+04 1.534857358390212312e+02
2.310820138168334961e+04 1.747016616415247370e+02
2.635281744360923767e+04 1.747016616415247370e+02
2.656694455003738403e+04 1.747016616415247370e+02
2.682541980338096619e+04 1.747016616415247370e+02
2.716773969459533691e+04 1.747016616415247370e+02
2.718507457876205444e+04 1.747016616415247370e+02
2.726722608327865601e+04 1.747016616415247370e+02
2.733972810506820679e+04 1.784632261079957516e+02
3.014287973332405090e+04 3.561229652289683827e+02
3.040376101064682007e+04 3.561229652289683827e+02
3.131078100514411926e+04 3.561229652289683827e+02
3.132801843023300171e+04 3.561229652289683827e+02
3.140674002647399902e+04 4.044940903902245282e+02
3.424170680856704712e+04 4.044940903902245282e+02
3.432011556243896484e+04 4.044940903902245282e+02
3.458030590081214905e+04 4.044940903902245282e+02
3.461032152628898621e+04 4.044940903902245282e+02
3.461994426846504211e+04 4.044940903902245282e+02
3.746005592179298401e+04 4.117234921297728647e+02
3.751059119796752930e+04 4.130235281851041123e+02
4.030947291421890259e+04 4.213396592449794866e+02
4.034159179425239563e+04 4.213396592449794866e+02
4.041235083031654358e+04 4.213396592449794866e+02
4.052653407621383667e+04 4.213396592449794866e+02
4.217069694519042969e+04 4.215351071088067556e+02
4.495972647809982300e+04 4.312287554181078804e+02
4.501277917599678040e+04 4.312287554181078804e+02
4.501885592436790466e+04 4.405898739155407497e+02
4.508943896889686584e+04 4.405898739155407497e+02
4.520449013543128967e+04 4.405898739155407497e+02
4.796845825481414795e+04 4.405898739155407497e+02
4.887026428699493408e+04 4.405898739155407497e+02
5.200480626630783081e+04 4.405898739155407497e+02
5.201102130365371704e+04 4.407081382461159365e+02
5.201838375329971313e+04 4.407081382461159365e+02
5.213201179265975952e+04 4.407081382461159365e+02
5.219183874917030334e+04 4.407081382461159365e+02
5.226783163881301880e+04 4.407081382461159365e+02
5.234427998352050781e+04 4.460214542567385365e+02
5.235966152834892273e+04 4.469277585529994212e+02
5.237365531897544861e+04 4.469277585529994212e+02
5.248648667836189270e+04 4.469277585529994212e+02
5.567926989269256592e+04 4.469277585529994212e+02
5.575615781784057617e+04 4.469277585529994212e+02
5.854616738319396973e+04 4.469277585529994212e+02
5.855230667924880981e+04 4.488787775642836095e+02
5.856782659363746643e+04 4.488787775642836095e+02
5.863865881919860840e+04 4.488787775642836095e+02
5.869440826320648193e+04 4.488787775642836095e+02
6.145403814291954041e+04 4.488787775642836095e+02
6.149922754836082458e+04 4.488787775642836095e+02
6.151149679541587830e+04 4.488787775642836095e+02
6.152476644754409790e+04 4.488787775642836095e+02
6.165247589826583862e+04 4.489792928197627475e+02
6.441907762622833252e+04 4.489792928197627475e+02
6.474168361330032349e+04 4.489792928197627475e+02
6.479890993118286133e+04 4.489792928197627475e+02
6.481129269981384277e+04 4.489792928197627475e+02
6.482544368147850037e+04 4.489792928197627475e+02
6.495651784396171570e+04 4.494509413633475674e+02
6.500758856773376465e+04 4.494509413633475674e+02
6.502828716444969177e+04 4.494509413633475674e+02
6.508392006921768188e+04 4.494509413633475674e+02
6.514996133446693420e+04 4.494509413633475674e+02
6.521973895192146301e+04 4.494509413633475674e+02
6.535132366538047791e+04 4.494509413633475674e+02
6.811135782861709595e+04 4.494509413633475674e+02
6.815604316735267639e+04 4.494509413633475674e+02
6.843645665144920349e+04 4.494509413633475674e+02
6.844414000201225281e+04 4.494509413633475674e+02
6.845883259582519531e+04 4.494509413633475674e+02
6.847161982107162476e+04 4.500324653908965615e+02
6.854469369411468506e+04 4.500324653908965615e+02
6.882369728398323059e+04 4.500324653908965615e+02
6.889170036315917969e+04 4.500324653908965615e+02
6.889946054291725159e+04 4.500324653908965615e+02
6.891419037842750549e+04 4.508949343172376985e+02
6.893944134092330933e+04 4.510255540590355849e+02
7.169012188386917114e+04 4.510255540590355849e+02
7.174387891221046448e+04 4.512505954538407309e+02
7.498592319345474243e+04 4.512505954538407309e+02
7.499207382774353027e+04 4.512505954538407309e+02
7.500046484375000000e+04 4.512505954538407309e+02
7.501328481674194336e+04 4.512505954538407309e+02
7.507003197169303894e+04 4.536611597069305617e+02
7.785440744256973267e+04 4.536611597069305617e+02
7.791125723981857300e+04 4.548511850976964297e+02
7.791667685151100159e+04 4.548511850976964297e+02
7.794137132787704468e+04 4.548511850976964297e+02
7.794738238000869751e+04 4.548511850976964297e+02
7.802347968173027039e+04 4.558266524217762594e+02
7.808036736345291138e+04 4.558266524217762594e+02
7.813643719267845154e+04 4.558266524217762594e+02
7.814180220150947571e+04 4.558330609169796048e+02
7.816533941006660461e+04 4.558330609169796048e+02
7.817732000255584717e+04 4.561092911135976919e+02
7.823471410822868347e+04 4.561092911135976919e+02
7.828928766012191772e+04 4.561092911135976919e+02
7.839714102172851562e+04 4.561092911135976919e+02
7.842345225787162781e+04 4.561092911135976919e+02
7.843272770905494690e+04 4.561092911135976919e+02
7.844524579429626465e+04 4.562459905434556617e+02
7.852221104860305786e+04 4.570933732027955330e+02
7.857915410161018372e+04 4.570933732027955330e+02
7.868600641441345215e+04 4.570933732027955330e+02
7.869179104709625244e+04 4.570933732027955330e+02
7.870799333930015564e+04 4.570933732027955330e+02
7.871334282326698303e+04 4.570933732027955330e+02
7.877009834432601929e+04 4.570933732027955330e+02
7.882464235496520996e+04 4.570933732027955330e+02
7.892666284465789795e+04 4.580028952495374597e+02
7.893527797937393188e+04 4.580028952495374597e+02
7.895688971567153931e+04 4.580028952495374597e+02
7.896919639182090759e+04 4.580028952495374597e+02
7.903936275410652161e+04 4.596349854169015430e+02
7.915864215517044067e+04 4.596349854169015430e+02
