5.077273404153706871e+00 -8.867499999999999716e+01
4.956057921139135125e+00 -8.790833333333333144e+01
2.938019097476210373e+00 -6.811666666666667425e+01
2.781036938621131771e+00 -6.175000000000000711e+01
5.251733097953815488e+00 -9.060833333333333428e+01
3.001300933020417894e+00 -7.922499999999999432e+01
3.125481265700594147e+00 -8.295000000000000284e+01
3.016197353512438895e+00 -8.100833333333333997e+01
2.979092900638326213e+00 -7.825000000000000000e+01
3.735519058815170990e+00 -8.492499999999999716e+01
