5.525632974830371857e+00 -1.000833333333333286e+01
5.577693963963553436e+00 -9.466666666666666785e+00
3.805432888132139979e+00 -8.164166666666666572e+01
3.805432888132139979e+00 -8.173333333333333428e+01
5.722672579602414267e+00 -9.209166666666666856e+01
6.777035926497832818e+00 -9.225833333333332575e+01
6.225902670459888988e+00 -8.936666666666667425e+01
5.508075660792879802e+00 -2.720833333333333570e+01
6.982923632146810888e+00 -9.164999999999999147e+01
5.860902521860840153e+00 -9.800000000000000711e+00
5.870800559205600955e+00 -9.024166666666666003e+01
5.722672579602414267e+00 -9.190833333333333144e+01
6.603574230486924712e+00 -6.919166666666666288e+01
6.236840204680448529e+00 -9.077499999999999147e+01
3.805432888132139979e+00 -8.179166666666665719e+01
5.962119200960809273e+00 -8.934166666666666856e+01
5.292129753062014608e+00 -9.191666666666667140e+01
5.468365056355789733e+00 -8.922499999999999432e+01
4.197087495449888905e+00 -7.924166666666666003e+01
6.293279666175664921e+00 -9.783333333333333215e+00
4.074560467802895047e+00 -8.135833333333333428e+01
6.036761797876254221e+00 -1.010833333333333250e+01
3.877716800864976499e+00 -8.530833333333333712e+01
5.292129753062014608e+00 -9.157499999999998863e+01
5.293108313053732417e+00 -6.277500000000000568e+01
3.845346137411408627e+00 -7.905833333333333712e+01
3.777644277696484920e+00 -8.074166666666667425e+01
5.165994713051563103e+00 -9.733333333333332504e+00
5.659850623304627959e+00 -9.095000000000000284e+01
6.193367011772740405e+00 -9.263333333333333997e+01
5.392346915059754053e+00 -7.375833333333333997e+01
6.605852472409083909e+00 -9.733333333333332504e+00
3.763278211018978858e+00 -8.120000000000000284e+01
5.741850951067545061e+00 -9.134166666666666856e+01
3.805432888132139979e+00 -8.393333333333333712e+01
6.590641576410654956e+00 -9.142499999999999716e+01
5.286031848287072954e+00 -8.595833333333334281e+01
6.237245309504158897e+00 -3.883333333333332860e+00
6.328692060702110211e+00 -9.775000000000000355e+00
3.724603515396716524e+00 -8.325000000000000000e+01
5.292129753062014608e+00 -9.138333333333333997e+01
6.256048474762192946e+00 -9.069166666666667709e+01
5.574483856199041298e+00 -7.962500000000000000e+01
3.900476371389256958e+00 -8.325833333333333997e+01
3.719579857713723126e+00 -9.775000000000000355e+00
4.053616174404390371e+00 -8.699166666666667425e+01
