5.532362039089202881e+02 2.476428997690602785e+01
1.956721607208251953e+03 2.476428997690602785e+01
2.198090291261672974e+03 3.424514499580785127e+02
2.945549655914306641e+03 3.428359519433331002e+02
3.496232387304306030e+03 3.664252684729514158e+02
4.867589952945709229e+03 3.666290958185351201e+02
5.643404313325881958e+03 3.666290958185351201e+02
7.029687359094619751e+03 3.666290958185351201e+02
7.886228545188903809e+03 3.666290958185351201e+02
7.983249100208282471e+03 3.666290958185351201e+02
8.945433364629745483e+03 3.666290958185351201e+02
9.497638833284378052e+03 3.666290958185351201e+02
1.058556504964828491e+04 3.666290958185351201e+02
1.129245286011695862e+04 3.666290958185351201e+02
1.153332841181755066e+04 3.667409348005375023e+02
1.218362157034873962e+04 3.667409348005375023e+02
1.302297924971580505e+04 3.711001809192590599e+02
1.397968129706382751e+04 3.711001809192590599e+02
1.458106548762321472e+04 3.711001809192590599e+02
1.633637359404563904e+04 3.711001809192590599e+02
1.657797604227066040e+04 3.711001809192590599e+02
2.201896522760391235e+04 3.711001809192590599e+02
2.255695793938636780e+04 3.760741998011520195e+02
2.339679810881614685e+04 3.760741998011520195e+02
2.399083274793624878e+04 3.760741998011520195e+02
2.459121642684936523e+04 3.760741998011520195e+02
2.483229217529296875e+04 3.783178985220775417e+02
2.806205492162704468e+04 3.783178985220775417e+02
2.866586664676666260e+04 3.783178985220775417e+02
2.940379925823211670e+04 3.790926640451169760e+02
2.999907596802711487e+04 3.790926640451169760e+02
3.075212757110595703e+04 3.790926640451169760e+02
3.096451331996917725e+04 3.802719251057800989e+02
3.179164318490028381e+04 3.802719251057800989e+02
3.253976261043548584e+04 3.804267331522162863e+02
3.338484611892700195e+04 3.804267331522162863e+02
3.414858729529380798e+04 3.804306967903199848e+02
3.570068091392517090e+04 3.804306967903199848e+02
3.597454123950004578e+04 3.804306967903199848e+02
3.679814001297950745e+04 3.837367822889552826e+02
3.763828793883323669e+04 3.837367822889552826e+02
3.909879009413719177e+04 3.837367822889552826e+02
4.094985588550567627e+04 3.837367822889552826e+02
4.147902144479751587e+04 3.837367822889552826e+02
4.239005173802375793e+04 3.837858885428065605e+02
4.332391213083267212e+04 3.858667560954431792e+02
