-5.058823529411764497e+01 4.512871092039323351e+00
-5.352941176470588402e+01 4.799505963465066749e+00
-3.911764705882352899e+01 4.226109919991273500e+00
-5.323529411764705799e+01 4.606800407555669885e+00
-2.411764705882352899e+01 4.222690464711340574e+00
-4.911764705882352899e+01 4.340899983858713007e+00
-4.500000000000000000e+01 4.233884108765885834e+00
-5.264705882352941302e+01 4.578994292445924152e+00
-5.000000000000000000e+01 4.342698962139591501e+00
-5.029411764705882604e+01 4.468701711894002671e+00
-5.529411764705882604e+01 4.991708849082825417e+00
-5.411764705882352899e+01 4.931157727484359654e+00
-5.647058823529411598e+01 5.497279432347578876e+00
-3.205882352941176805e+01 4.225645212975453369e+00
-3.970588235294117396e+01 4.228272002123999229e+00
-3.088235294117647101e+01 4.225386827388403432e+00
