-4.500000000000000000e+01 4.233884108765885834e+00
-5.264705882352941302e+01 4.578994292445924152e+00
-5.529411764705882604e+01 4.991708849082825417e+00
-5.705882352941176094e+01 5.198285853936349454e+00
-5.500000000000000711e+01 4.945054774255439156e+00
-5.441176470588234793e+01 4.804929579043172971e+00
-5.852941176470588402e+01 5.836844197854017757e+00
-4.735294117647058698e+01 4.250883327833967940e+00
-4.529411764705882604e+01 4.242417184417718978e+00
-5.147058823529411598e+01 4.534114987643806494e+00
-5.323529411764705799e+01 4.583323488156762160e+00
-5.794117647058823906e+01 5.528766341547252772e+00
-4.941176470588235503e+01 4.267336024963642060e+00
-4.176470588235294201e+01 4.176756667245258292e+00
-2.088235294117647101e+01 4.167819289877131794e+00
-4.441176470588234793e+01 4.204743832688799365e+00
-5.558823529411765207e+01 5.115723646457264628e+00
-5.588235294117647101e+01 5.165312596719927818e+00
-5.117647058823528994e+01 4.275334393425767487e+00
-5.411764705882352899e+01 4.674998844427144640e+00
-4.382352941176470296e+01 4.196645886787087498e+00
-3.676470588235294201e+01 4.170056257250799980e+00
-5.470588235294118107e+01 4.900044702402587049e+00
-5.235294117647059409e+01 4.548524538251131233e+00
