-5.058823529411764497e+01 4.512871092039323351e+00
-4.970588235294117396e+01 4.488691698316940482e+00
-5.352941176470588402e+01 4.799505963465066749e+00
-4.411764705882352899e+01 4.309694029565842577e+00
-4.294117647058823195e+01 4.279370318179108068e+00
-3.911764705882352899e+01 4.226109919991273500e+00
-5.323529411764705799e+01 4.606800407555669885e+00
-5.529411764705882604e+01 5.600550368763206777e+00
-2.411764705882352899e+01 4.222690464711340574e+00
-4.205882352941176805e+01 4.269909698749761340e+00
-5.117647058823528994e+01 4.600352031418172949e+00
-5.411764705882352899e+01 4.981238556856091293e+00
-4.823529411764705799e+01 4.379341782998976917e+00
-4.794117647058823906e+01 4.340899983858713007e+00
