-3.911764705882352899e+01 4.226109919991273500e+00
-4.500000000000000000e+01 4.233884108765885834e+00
-5.264705882352941302e+01 4.578994292445924152e+00
-5.529411764705882604e+01 4.991708849082825417e+00
-3.970588235294117396e+01 4.228272002123999229e+00
-4.029411764705882604e+01 4.228579994204920034e+00
-5.382352941176470296e+01 4.708012760564942667e+00
-3.588235294117647101e+01 4.187830820443999791e+00
-1.647058823529411598e+01 4.169586273321913339e+00
-5.705882352941176094e+01 5.198285853936349454e+00
-5.500000000000000711e+01 4.945054774255439156e+00
-5.441176470588234793e+01 4.804929579043172971e+00
-4.088235294117647101e+01 4.230985071713553758e+00
-5.852941176470588402e+01 5.836844197854017757e+00
-5.588235294117647101e+01 5.165656754517300442e+00
-4.735294117647058698e+01 4.250883327833967940e+00
-4.529411764705882604e+01 4.242417184417718978e+00
-5.147058823529411598e+01 4.534114987643806494e+00
-5.088235294117646390e+01 4.327134064918578105e+00
-3.794117647058823195e+01 4.188394071261427598e+00
-5.470588235294118107e+01 4.929607930414258377e+00
-5.323529411764705799e+01 4.583323488156762160e+00
-2.176470588235294201e+01 4.180240600955740682e+00
-5.205882352941176805e+01 4.573764818726102632e+00
-5.794117647058823906e+01 5.528766341547252772e+00
-4.941176470588235503e+01 4.267336024963642060e+00
