-3.911764705882352899e+01 4.226109919991273500e+00
-5.323529411764705799e+01 4.606800407555669885e+00
-4.911764705882352899e+01 4.340899983858713007e+00
-4.500000000000000000e+01 4.233884108765885834e+00
-5.264705882352941302e+01 4.578994292445924152e+00
-5.000000000000000000e+01 4.342698962139591501e+00
-5.029411764705882604e+01 4.468701711894002671e+00
-5.529411764705882604e+01 4.991708849082825417e+00
-3.970588235294117396e+01 4.228272002123999229e+00
-4.029411764705882604e+01 4.228579994204920034e+00
-4.558823529411764497e+01 4.273880551511211046e+00
-5.382352941176470296e+01 4.708012760564942667e+00
-3.588235294117647101e+01 4.187830820443999791e+00
-3.617647058823528994e+01 4.219977256744622984e+00
-4.647058823529411598e+01 4.321121832708527677e+00
-1.647058823529411598e+01 4.169586273321913339e+00
-5.705882352941176094e+01 5.198285853936349454e+00
-5.058823529411764497e+01 4.511455537295067764e+00
-5.500000000000000711e+01 4.945054774255439156e+00
-5.441176470588234793e+01 4.841202996130732572e+00
