4.963162565231323242e+01 1.824564023618171973e+02
1.748009860515594482e+02 1.824564023618171973e+02
2.533074383735656738e+02 1.824564023618171973e+02
3.978728570938110352e+02 1.824564023618171973e+02
5.496356422901153564e+02 1.824564023618171973e+02
7.031436758041381836e+02 1.824564023618171973e+02
7.437745122909545898e+02 2.492984790238448909e+02
8.691755828857421875e+02 2.492984790238448909e+02
9.042804858684539795e+02 2.492984790238448909e+02
1.622699062824249268e+03 2.516263324202836316e+02
1.759402630090713501e+03 2.516263324202836316e+02
2.438213870048522949e+03 2.516501468149416780e+02
2.474297719001770020e+03 2.516501468149416780e+02
2.592918047904968262e+03 2.516501468149416780e+02
2.629378140926361084e+03 2.516501468149416780e+02
2.912562959909439087e+03 2.516501468149416780e+02
4.001754830360412598e+03 2.516743944346658282e+02
4.146806901931762695e+03 2.525847007282677339e+02
4.187274341821670532e+03 2.616986328443271077e+02
4.305841792821884155e+03 2.616986328443271077e+02
4.443292125701904297e+03 2.616986328443271077e+02
4.910507592678070068e+03 2.616986328443271077e+02
5.043224047660827637e+03 2.617979055093177294e+02
5.417496873855590820e+03 2.617979055093177294e+02
5.459193558454513550e+03 2.635928647321936182e+02
5.512466796159744263e+03 2.635928647321936182e+02
5.548113353490829468e+03 2.635928647321936182e+02
5.680244414806365967e+03 2.635928647321936182e+02
6.079296069860458374e+03 2.736726134181357111e+02
6.179009173631668091e+03 2.736788140592531704e+02
6.203978396415710449e+03 2.796803618491777002e+02
6.258567949295043945e+03 2.796803618491777002e+02
6.296917119264602661e+03 2.796803618491777002e+02
6.525773748397827148e+03 2.799227409748432365e+02
6.588229981899261475e+03 2.799227409748432365e+02
6.807065819501876831e+03 2.832324158017584637e+02
6.848673478841781616e+03 2.832324158017584637e+02
6.886661124467849731e+03 2.832324158017584637e+02
6.923393792390823364e+03 2.832324158017584637e+02
7.054722462177276611e+03 2.836064794268204423e+02
7.368263730764389038e+03 3.369576714814260754e+02
7.432225997447967529e+03 3.374925937591663114e+02
7.461266833782196045e+03 3.374925937591663114e+02
7.499865708589553833e+03 3.374925937591663114e+02
7.531987046241760254e+03 3.374925937591663114e+02
7.911424445390701294e+03 3.377458435225169069e+02
7.975788120269775391e+03 3.378536832690874689e+02
8.668483563661575317e+03 3.496469759956713688e+02
8.697707595586776733e+03 3.496469759956713688e+02
8.735554163455963135e+03 3.496469759956713688e+02
8.781468240976333618e+03 3.496469759956713688e+02
8.937687682151794434e+03 3.496469759956713688e+02
9.125664958953857422e+03 3.496469759956713688e+02
9.256700017213821411e+03 3.496469759956713688e+02
9.285528951406478882e+03 3.496469759956713688e+02
9.317504997968673706e+03 3.496469759956713688e+02
9.352156604766845703e+03 3.496469759956713688e+02
1.019536481499671936e+04 3.496669637588079809e+02
1.026027376508712769e+04 3.496669637588079809e+02
1.109522670745849609e+04 3.496669637588079809e+02
1.113730277991294861e+04 3.496669637588079809e+02
1.116908166122436523e+04 3.496669637588079809e+02
1.121663666081428528e+04 3.496669637588079809e+02
1.135544441986083984e+04 3.496669637588079809e+02
1.141853940439224243e+04 3.496978170211359611e+02
1.154497816562652588e+04 3.496978170211359611e+02
1.157359840726852417e+04 3.496978170211359611e+02
1.160324686026573181e+04 3.496978170211359611e+02
1.163925348782539368e+04 3.496978170211359611e+02
1.248104519772529602e+04 3.496978170211359611e+02
1.256654886293411255e+04 3.496978170211359611e+02
1.279788758707046509e+04 3.496978170211359611e+02
1.283530263304710388e+04 3.496978170211359611e+02
1.287121817350387573e+04 3.496978170211359611e+02
1.291733263754844666e+04 3.496978170211359611e+02
1.304528215026855469e+04 3.496978170211359611e+02
1.310983866477012634e+04 3.498848751977348570e+02
1.313948433566093445e+04 3.509171720206628606e+02
1.316883304667472839e+04 3.509171720206628606e+02
1.319430229234695435e+04 3.509171720206628606e+02
1.323818729162216187e+04 3.509171720206628606e+02
1.403519728350639343e+04 3.510166465522429462e+02
1.416584501266479492e+04 3.510166465522429462e+02
1.485575322461128235e+04 3.510439095890657200e+02
1.488423479676246643e+04 3.510439095890657200e+02
1.490705225372314453e+04 3.510439095890657200e+02
1.493535989999771118e+04 3.510439095890657200e+02
1.507167510271072388e+04 3.510439095890657200e+02
1.565514732933044434e+04 3.511541472626024074e+02
1.588431765437126160e+04 3.511541472626024074e+02
1.590612321519851685e+04 3.512703828968487869e+02
1.592787862133979797e+04 3.512703828968487869e+02
1.595806610846519470e+04 3.512703828968487869e+02
1.600749813222885132e+04 3.645199308135795491e+02
1.613850477170944214e+04 3.645199308135795491e+02
1.617828215360641479e+04 3.933177656698941291e+02
1.620128150510787964e+04 3.933177656698941291e+02
1.622892714548110962e+04 3.933177656698941291e+02
1.625500964879989624e+04 3.933177656698941291e+02
1.633608822727203369e+04 3.933177656698941291e+02
1.637623412203788757e+04 3.959252226683940421e+02
1.644607960200309753e+04 3.959382100727163447e+02
1.646703729271888733e+04 3.959382100727163447e+02
1.648922974538803101e+04 3.959382100727163447e+02
1.651064464068412781e+04 3.959382100727163447e+02
1.655950470685958862e+04 3.968200935099939670e+02
1.669048668956756592e+04 3.968200935099939670e+02
1.673460654544830322e+04 3.968200935099939670e+02
1.675722012186050415e+04 3.968200935099939670e+02
1.677928769803047180e+04 3.968200935099939670e+02
1.680128593516349792e+04 3.968200935099939670e+02
1.693208622431755066e+04 3.968200935099939670e+02
1.698741620254516602e+04 3.971483982224907550e+02
1.711987055253982544e+04 3.971483982224907550e+02
1.713893241763114929e+04 3.971520618509485416e+02
1.715821594762802124e+04 3.971520618509485416e+02
1.717975411415100098e+04 3.971520618509485416e+02
1.723417717671394348e+04 3.971520618509485416e+02
1.736532615566253662e+04 3.971520618509485416e+02
1.742218875122070312e+04 3.971520618509485416e+02
1.744130787968635559e+04 3.971520618509485416e+02
1.746213978266716003e+04 3.971520618509485416e+02
1.748359154796600342e+04 3.971520618509485416e+02
1.761393461251258850e+04 3.971533173016341607e+02
1.766311931109428406e+04 3.974720114821142261e+02
1.773423410415649414e+04 3.974720114821142261e+02
1.775525505065917969e+04 3.974720114821142261e+02
1.777617267799377441e+04 3.974720114821142261e+02
1.779725025320053101e+04 3.974720114821142261e+02
1.785591374897956848e+04 3.980025887736525192e+02
1.792615236639976501e+04 3.980042785121232782e+02
1.803263423728942871e+04 3.980042785121232782e+02
1.805213371920585632e+04 3.980042785121232782e+02
1.807123714160919189e+04 3.980042785121232782e+02
1.809019480133056641e+04 3.980042785121232782e+02
1.822280088281631470e+04 3.980042785121232782e+02
1.826353408646583557e+04 4.230717601973938713e+02
1.839435830211639404e+04 4.230717601973938713e+02
1.841353494167327881e+04 4.230717601973938713e+02
1.843268262505531311e+04 4.230717601973938713e+02
1.845226957249641418e+04 4.230717601973938713e+02
1.849179057216644287e+04 4.230717601973938713e+02
1.855124461245536804e+04 4.230717601973938713e+02
1.860381271433830261e+04 4.230717601973938713e+02
1.862294758176803589e+04 4.230717601973938713e+02
1.864254140067100525e+04 4.230717601973938713e+02
1.866155564403533936e+04 4.230717601973938713e+02
1.872066220092773438e+04 4.230717601973938713e+02
1.876313084459304810e+04 4.264954702279119374e+02
1.882669231343269348e+04 4.265743881090659784e+02
1.884598853492736816e+04 4.265743881090659784e+02
1.886516870284080505e+04 4.265743881090659784e+02
1.888426710224151611e+04 4.265743881090659784e+02
1.892325186038017273e+04 4.349314316520487864e+02
1.897613954401016235e+04 4.349314316520487864e+02
1.901337467455863953e+04 4.349314316520487864e+02
1.903270404028892517e+04 4.349314316520487864e+02
1.905185517024993896e+04 4.349314316520487864e+02
1.907113878917694092e+04 4.349314316520487864e+02
1.913584145736694336e+04 4.350879336931861303e+02
1.918734785556793213e+04 4.350879336931861303e+02
1.924491546583175659e+04 4.350879336931861303e+02
1.926408257579803467e+04 4.350879336931861303e+02
1.928275869059562683e+04 4.350879336931861303e+02
1.930196964001655579e+04 4.350879336931861303e+02
1.934050292348861694e+04 4.350879336931861303e+02
1.940430353069305420e+04 4.350879336931861303e+02
1.944330374956130981e+04 4.494467701924846779e+02
1.946211496567726135e+04 4.494467701924846779e+02
1.948075109124183655e+04 4.494467701924846779e+02
1.949958364510536194e+04 4.494467701924846779e+02
1.956475031614303589e+04 4.494467701924846779e+02
1.960583546185493469e+04 4.499796379057661397e+02
1.970557179522514343e+04 4.499796379057661397e+02
1.972419588613510132e+04 4.499796379057661397e+02
1.974304569721221924e+04 4.499796379057661397e+02
1.976223694062232971e+04 4.499796379057661397e+02
1.980525298142433167e+04 4.499796379057661397e+02
1.988874108719825745e+04 4.499796379057661397e+02
1.994055240345001221e+04 4.510727384874110726e+02
1.996000577616691589e+04 4.510727384874110726e+02
1.997895722031593323e+04 4.510727384874110726e+02
1.999768753623962402e+04 4.510727384874110726e+02
2.006285265707969666e+04 4.510727384874110726e+02
2.010425903844833374e+04 4.510727384874110726e+02
2.016421288824081421e+04 4.510727384874110726e+02
2.018344568181037903e+04 4.510727384874110726e+02
2.020199465775489807e+04 4.510727384874110726e+02
2.022270583319664001e+04 4.510727384874110726e+02
2.027677565670013428e+04 4.510727384874110726e+02
2.033305723738670349e+04 4.510727384874110726e+02
2.037369593906402588e+04 4.510727384874110726e+02
2.039292038178443909e+04 4.510727384874110726e+02
2.041178942847251892e+04 4.510727384874110726e+02
2.043120453953742981e+04 4.510727384874110726e+02
2.048940181779861450e+04 4.511114132525583500e+02
2.053895545744895935e+04 4.516686875941232984e+02
2.059804486441612244e+04 4.516861136292416177e+02
2.061779039669036865e+04 4.516861136292416177e+02
2.063914389586448669e+04 4.516861136292416177e+02
2.065853547906875610e+04 4.516861136292416177e+02
2.071076360154151917e+04 4.516991432605162800e+02
2.077383224415779114e+04 4.517022314391637110e+02
2.082676980137825012e+04 4.517022314391637110e+02
2.084600809454917908e+04 4.517022314391637110e+02
2.086505351161956787e+04 4.517022314391637110e+02
2.088379221820831299e+04 4.517022314391637110e+02
2.094739403629302979e+04 4.517022314391637110e+02
2.098775673723220825e+04 4.517022314391637110e+02
2.105222670483589172e+04 4.517038683194040232e+02
2.107152446818351746e+04 4.517038683194040232e+02
2.109056363463401794e+04 4.517038683194040232e+02
2.111188559722900391e+04 4.517038683194040232e+02
2.117505548954010010e+04 4.517038683194040232e+02
2.123937691092491150e+04 4.518438101625835088e+02
2.130241738390922546e+04 4.518438101625835088e+02
2.132188854289054871e+04 4.518438101625835088e+02
2.134099985027313232e+04 4.518438101625835088e+02
2.135980179357528687e+04 4.518438101625835088e+02
2.142318838858604431e+04 4.518438101625835088e+02
2.151151019763946533e+04 4.518438101625835088e+02
2.156957544755935669e+04 4.519417520283910221e+02
2.159119733762741089e+04 4.519417520283910221e+02
2.160987068772315979e+04 4.519417520283910221e+02
2.163072157359123230e+04 4.519417520283910221e+02
2.167961621880531311e+04 4.519417520283910221e+02
2.173558224630355835e+04 4.519550367808228089e+02
2.178461914825439453e+04 4.537814004800516159e+02
2.180600725364685059e+04 4.537814004800516159e+02
2.182474847507476807e+04 4.537814004800516159e+02
2.184390374827384949e+04 4.537814004800516159e+02
2.190262487149238586e+04 4.537814004800516159e+02
2.195056775379180908e+04 4.538760897561796241e+02
2.200912469744682312e+04 4.538760897561796241e+02
2.202781021904945374e+04 4.538760897561796241e+02
2.204632469987869263e+04 4.538760897561796241e+02
2.206522415137290955e+04 4.538760897561796241e+02
2.211590179610252380e+04 4.541306559249096608e+02
2.215977644944190979e+04 4.541306559249096608e+02
2.220071554493904114e+04 4.541306559249096608e+02
2.221974600195884705e+04 4.541306559249096608e+02
2.223893792748451233e+04 4.541306559249096608e+02
2.225826406669616699e+04 4.541306559249096608e+02
2.231706328940391541e+04 4.541306559249096608e+02
2.235743224453926086e+04 4.541306559249096608e+02
2.241140566158294678e+04 4.541306559249096608e+02
2.242997286605834961e+04 4.541306559249096608e+02
2.244906695938110352e+04 4.541306559249096608e+02
2.246827988314628601e+04 4.541306559249096608e+02
2.252110673761367798e+04 4.541306559249096608e+02
2.257038510560989380e+04 4.541306559249096608e+02
2.261084996008872986e+04 4.541306559249096608e+02
2.263032766079902649e+04 4.541306559249096608e+02
2.264936141610145569e+04 4.541306559249096608e+02
2.266827727079391479e+04 4.541306559249096608e+02
2.272733140444755554e+04 4.541306559249096608e+02
2.277011716604232788e+04 4.562680908704278409e+02
2.282896396446228027e+04 4.562851441955634755e+02
2.284788334918022156e+04 4.562851441955634755e+02
2.286661373353004456e+04 4.562851441955634755e+02
2.288591724133491516e+04 4.562851441955634755e+02
2.293560218715667725e+04 4.562851441955634755e+02
2.299470001363754272e+04 4.562851441955634755e+02
2.304378862476348877e+04 4.562851441955634755e+02
2.306305975079536438e+04 4.562851441955634755e+02
2.308172642135620117e+04 4.562851441955634755e+02
2.310090611290931702e+04 4.562851441955634755e+02
2.315980031800270081e+04 4.562851441955634755e+02
2.322324474120140076e+04 4.562851441955634755e+02
2.327300570940971375e+04 4.562851441955634755e+02
2.329174130821228027e+04 4.562851441955634755e+02
2.331105352568626404e+04 4.562851441955634755e+02
2.333002972316741943e+04 4.562851441955634755e+02
2.338343622899055481e+04 4.562851441955634755e+02
2.344182040715217590e+04 4.562851441955634755e+02
2.348330208778381348e+04 4.562851441955634755e+02
2.350269278264045715e+04 4.562851441955634755e+02
2.352183819270133972e+04 4.562851441955634755e+02
2.354101153254508972e+04 4.562851441955634755e+02
2.360169732642173767e+04 4.562851441955634755e+02
2.364902934479713440e+04 4.562851441955634755e+02
2.370737815856933594e+04 4.564490341543086060e+02
2.372626922678947449e+04 4.564490341543086060e+02
2.374472882723808289e+04 4.564490341543086060e+02
2.376351792907714844e+04 4.564490341543086060e+02
2.381244588279724121e+04 4.564490341543086060e+02
2.387142382311820984e+04 4.565257916275088519e+02
2.391175389456748962e+04 4.565257916275088519e+02
2.392981888127326965e+04 4.565257916275088519e+02
2.394893782520294189e+04 4.565257916275088519e+02
2.396806659841537476e+04 4.565257916275088519e+02
2.402491923117637634e+04 4.565257916275088519e+02
2.406443375563621521e+04 4.565257916275088519e+02
2.412541290664672852e+04 4.565257916275088519e+02
2.414447515964508057e+04 4.565257916275088519e+02
2.416312196230888367e+04 4.565257916275088519e+02
2.418141044354438782e+04 4.565257916275088519e+02
2.422446773386001587e+04 4.565257916275088519e+02
2.428406557559967041e+04 4.565257916275088519e+02
2.433449962401390076e+04 4.565257916275088519e+02
2.435364299821853638e+04 4.565257916275088519e+02
2.437263416504859924e+04 4.565257916275088519e+02
2.439123662519454956e+04 4.565257916275088519e+02
2.445045612025260925e+04 4.565257916275088519e+02
2.450664327335357666e+04 4.565257916275088519e+02
2.456526912617683411e+04 4.565608554037908107e+02
2.458415666174888611e+04 4.565608554037908107e+02
2.460277887868881226e+04 4.565608554037908107e+02
2.462174885129928589e+04 4.565608554037908107e+02
2.468067269229888916e+04 4.565608554037908107e+02
2.473888159799575806e+04 4.565618446889288862e+02
2.478660028100013733e+04 4.565618446889288862e+02
2.480580208730697632e+04 4.565618446889288862e+02
2.482469381999969482e+04 4.565618446889288862e+02
2.484352421283721924e+04 4.565618446889288862e+02
2.490201412606239319e+04 4.565618446889288862e+02
2.500283627438545227e+04 4.565618446889288862e+02
2.505740628933906555e+04 4.565618446889288862e+02
2.507643161535263062e+04 4.565618446889288862e+02
2.509522962307929993e+04 4.565618446889288862e+02
2.511399933433532715e+04 4.565618446889288862e+02
2.516276355552673340e+04 4.565618446889288862e+02
2.521245285153388977e+04 4.565618446889288862e+02
2.525986289143562317e+04 4.565618446889288862e+02
2.527877601218223572e+04 4.565618446889288862e+02
2.529743274760246277e+04 4.565618446889288862e+02
2.531539115381240845e+04 4.565618446889288862e+02
2.537481874752044678e+04 4.565618446889288862e+02
2.541580307793617249e+04 4.569495093749408170e+02
2.547439919662475586e+04 4.569495093749408170e+02
2.549318207859992981e+04 4.569495093749408170e+02
2.551198843431472778e+04 4.569495093749408170e+02
2.553069648623466492e+04 4.569495093749408170e+02
2.557999412322044373e+04 4.569495093749408170e+02
2.563879016900062561e+04 4.569496484693607954e+02
2.569558094120025635e+04 4.569496484693607954e+02
2.571369637703895569e+04 4.569496484693607954e+02
2.573248321890830994e+04 4.569496484693607954e+02
2.575171781373023987e+04 4.569496484693607954e+02
2.580954438996315002e+04 4.569496484693607954e+02
2.585088996267318726e+04 4.569496484693607954e+02
2.590963755607604980e+04 4.569496484693607954e+02
2.592852120065689087e+04 4.569496484693607954e+02
2.594742614889144897e+04 4.569496484693607954e+02
2.596613889765739441e+04 4.569496484693607954e+02
2.601449153971672058e+04 4.569496484693607954e+02
2.607313940906524658e+04 4.569496484693607954e+02
2.612469527029991150e+04 4.569496484693607954e+02
2.614403619003295898e+04 4.569496484693607954e+02
2.616299148082733154e+04 4.569496484693607954e+02
2.618178667783737183e+04 4.569496484693607954e+02
2.623938025307655334e+04 4.569496484693607954e+02
2.628718674826622009e+04 4.569496484693607954e+02
2.634107219815254211e+04 4.569496484693607954e+02
2.635964422941207886e+04 4.569496484693607954e+02
2.637796425938606262e+04 4.569496484693607954e+02
2.639639366412162781e+04 4.569496484693607954e+02
2.645458041477203369e+04 4.569496484693607954e+02
2.651610057592391968e+04 4.569496484693607954e+02
2.656571929287910461e+04 4.569496484693607954e+02
2.658462443780899048e+04 4.569496484693607954e+02
2.660359668374061584e+04 4.569496484693607954e+02
2.662204781770706177e+04 4.569496484693607954e+02
2.668208791184425354e+04 4.569496484693607954e+02
2.674422446680068970e+04 4.569496484693607954e+02
2.680003687310218811e+04 4.571497736300082124e+02
2.681907824707031250e+04 4.571497736300082124e+02
2.683774662733078003e+04 4.571497736300082124e+02
2.685646918392181396e+04 4.571497736300082124e+02
2.690126125049591064e+04 4.571497736300082124e+02
2.696004965400695801e+04 4.571497736300082124e+02
2.700232219934463501e+04 4.571497736300082124e+02
2.702127472186088562e+04 4.571497736300082124e+02
2.704015291571617126e+04 4.571497736300082124e+02
2.705892900753021240e+04 4.571497736300082124e+02
2.711890607881546021e+04 4.571497736300082124e+02
2.716287599468231201e+04 4.571497736300082124e+02
2.722030223846435547e+04 4.571497736300082124e+02
2.723923191738128662e+04 4.571497736300082124e+02
2.725813483977317810e+04 4.571497736300082124e+02
2.727654177165031433e+04 4.571497736300082124e+02
2.732518580532073975e+04 4.571497736300082124e+02
2.738093903255462646e+04 4.572118706288966337e+02
2.742786895895004272e+04 4.572118706288966337e+02
2.744702375340461731e+04 4.572118706288966337e+02
2.746542440295219421e+04 4.572118706288966337e+02
2.748455886006355286e+04 4.572118706288966337e+02
2.754366967201232910e+04 4.572118706288966337e+02
2.758891406965255737e+04 4.572118706288966337e+02
2.764229170584678650e+04 4.572118706288966337e+02
2.766121800541877747e+04 4.572118706288966337e+02
2.768045458459854126e+04 4.572118706288966337e+02
2.769930519723892212e+04 4.572118706288966337e+02
2.775380855751037598e+04 4.572118706288966337e+02
2.780966129493713379e+04 4.572118706288966337e+02
2.784973782682418823e+04 4.572118706288966337e+02
2.786864864492416382e+04 4.572118706288966337e+02
2.788771032476425171e+04 4.572118706288966337e+02
2.790626865839958191e+04 4.572118706288966337e+02
2.796359317731857300e+04 4.572118706288966337e+02
2.800944858884811401e+04 4.572118706288966337e+02
2.806671499013900757e+04 4.573100583919848532e+02
2.808543091225624084e+04 4.573100583919848532e+02
2.810489532351493835e+04 4.573100583919848532e+02
2.812365393066406250e+04 4.573100583919848532e+02
2.817326310443878174e+04 4.573100583919848532e+02
2.822972434806823730e+04 4.573100583919848532e+02
2.835435692358016968e+04 4.573100583919848532e+02
2.837292780852317810e+04 4.573100583919848532e+02
2.839219314622879028e+04 4.573100583919848532e+02
2.841117219471931458e+04 4.573100583919848532e+02
2.846676929450035095e+04 4.573100583919848532e+02
2.852154988861083984e+04 4.573100583919848532e+02
2.857880415892601013e+04 4.573100583919848532e+02
2.859751439476013184e+04 4.573100583919848532e+02
2.861682610559463501e+04 4.573100583919848532e+02
2.863588517951965332e+04 4.573100583919848532e+02
2.868469818902015686e+04 4.573100583919848532e+02
2.877793562030792236e+04 4.573100583919848532e+02
2.883278965854644775e+04 4.573100583919848532e+02
2.885160468697547913e+04 4.573100583919848532e+02
2.886980364441871643e+04 4.573100583919848532e+02
2.888877580595016479e+04 4.573100583919848532e+02
2.894596327996253967e+04 4.573100583919848532e+02
2.898570856666564941e+04 4.573100583919848532e+02
2.904243938732147217e+04 4.573100583919848532e+02
2.906166509723663330e+04 4.573100583919848532e+02
2.907984972572326660e+04 4.573100583919848532e+02
2.909850661373138428e+04 4.573100583919848532e+02
2.915430665683746338e+04 4.573100583919848532e+02
2.920418833303451538e+04 4.573100583919848532e+02
2.925446772575378418e+04 4.573100583919848532e+02
2.927363748073577881e+04 4.573100583919848532e+02
2.929269426846504211e+04 4.573100583919848532e+02
2.931168220329284668e+04 4.573100583919848532e+02
2.936699752187728882e+04 4.573100583919848532e+02
2.941836175298690796e+04 4.573100583919848532e+02
2.947468811178207397e+04 4.573100583919848532e+02
2.949378483104705811e+04 4.573100583919848532e+02
2.951242061519622803e+04 4.573100583919848532e+02
2.953159846472740173e+04 4.573100583919848532e+02
2.957981437945365906e+04 4.573100583919848532e+02
2.979932625842094421e+04 4.573100583919848532e+02
2.984697070622444153e+04 4.573100583919848532e+02
2.986559135699272156e+04 4.573100583919848532e+02
2.988421932673454285e+04 4.573100583919848532e+02
2.990291574335098267e+04 4.573100583919848532e+02
2.995935063552856445e+04 4.573123135856875479e+02
3.007252047491073608e+04 4.573123135856875479e+02
3.012892503476142883e+04 4.573123135856875479e+02
3.014713719463348389e+04 4.573123135856875479e+02
3.016611901044845581e+04 4.573123135856875479e+02
3.018519383716583252e+04 4.573123135856875479e+02
3.023341755104064941e+04 4.573123135856875479e+02
3.032785220289230347e+04 4.573123135856875479e+02
3.036744662880897522e+04 4.573123135856875479e+02
3.038619674205780029e+04 4.573123135856875479e+02
3.040500210881233215e+04 4.573123135856875479e+02
3.042372296047210693e+04 4.573123135856875479e+02
3.048152227854728699e+04 4.573123135856875479e+02
3.052906283402442932e+04 4.573123135856875479e+02
3.058543154287338257e+04 4.573123135856875479e+02
3.060423746562004089e+04 4.573123135856875479e+02
3.062258506917953491e+04 4.573123135856875479e+02
3.064155130696296692e+04 4.573123135856875479e+02
3.069959576821327209e+04 4.573123135856875479e+02
3.075482419729232788e+04 4.573690171874683301e+02
3.079988873028755188e+04 4.573690171874683301e+02
3.081854290676116943e+04 4.573690171874683301e+02
3.083771332216262817e+04 4.573690171874683301e+02
3.085624929308891296e+04 4.573690171874683301e+02
3.091506282615661621e+04 4.573690171874683301e+02
3.095600767898559570e+04 4.573690171874683301e+02
3.101524367141723633e+04 4.573690171874683301e+02
3.103443988466262817e+04 4.573690171874683301e+02
3.105315078711509705e+04 4.573690171874683301e+02
3.107221855616569519e+04 4.573690171874683301e+02
3.112058741903305054e+04 4.573690171874683301e+02
3.116994494557380676e+04 4.573690171874683301e+02
3.122623036456108093e+04 4.573690171874683301e+02
3.124513069629669189e+04 4.573690171874683301e+02
3.126330618357658386e+04 4.573690171874683301e+02
3.128217528748512268e+04 4.573690171874683301e+02
3.133975502300262451e+04 4.573690171874683301e+02
3.139590556859970093e+04 4.573690171874683301e+02
3.152257470178604126e+04 4.573690171874683301e+02
3.154134242129325867e+04 4.573690171874683301e+02
3.156045708560943604e+04 4.573690171874683301e+02
3.157918670010566711e+04 4.573690171874683301e+02
3.162280013346672058e+04 4.573690171874683301e+02
3.167898336982727051e+04 4.573747752946927676e+02
3.171961829447746277e+04 4.573747752946927676e+02
3.173861797738075256e+04 4.573747752946927676e+02
3.175710227990150452e+04 4.573747752946927676e+02
3.177589674663543701e+04 4.573747752946927676e+02
3.183323984384536743e+04 4.573747752946927676e+02
3.188077911782264709e+04 4.573747752946927676e+02
3.193841359066963196e+04 4.573747752946927676e+02
3.195766697788238525e+04 4.573747752946927676e+02
3.197639297962188721e+04 4.573747752946927676e+02
3.199527209496498108e+04 4.573747752946927676e+02
3.205125054097175598e+04 4.573747752946927676e+02
3.210843977618217468e+04 4.573747752946927676e+02
3.214961396861076355e+04 4.573747752946927676e+02
3.216848043894767761e+04 4.573747752946927676e+02
3.218780118823051453e+04 4.573747752946927676e+02
3.220684285402297974e+04 4.573747752946927676e+02
3.226536898088455200e+04 4.573747752946927676e+02
3.230673007202148438e+04 4.573747752946927676e+02
3.236418785142898560e+04 4.573747752946927676e+02
3.238291425323486328e+04 4.573747752946927676e+02
3.240206054735183716e+04 4.573747752946927676e+02
3.242134942531585693e+04 4.573747752946927676e+02
3.247449307799339294e+04 4.573747752946927676e+02
3.251705559468269348e+04 4.573747752946927676e+02
3.256288811588287354e+04 4.573747752946927676e+02
3.258152482891082764e+04 4.573747752946927676e+02
3.260040112328529358e+04 4.573747752946927676e+02
3.261925014209747314e+04 4.573747752946927676e+02
3.267856037306785583e+04 4.573747752946927676e+02
3.273062951874732971e+04 4.573747752946927676e+02
3.278776930165290833e+04 4.573747752946927676e+02
3.280697552418708801e+04 4.573747752946927676e+02
3.282647593832015991e+04 4.573747752946927676e+02
3.284546013760566711e+04 4.573747752946927676e+02
3.289524309277534485e+04 4.573747752946927676e+02
3.295297509002685547e+04 4.573747752946927676e+02
3.299395079207420349e+04 4.573747752946927676e+02
3.301309729433059692e+04 4.573747752946927676e+02
3.303257607889175415e+04 4.573747752946927676e+02
3.305129754447937012e+04 4.573747752946927676e+02
3.310964257454872131e+04 4.573747752946927676e+02
3.315992654037475586e+04 4.573747752946927676e+02
3.321738480210304260e+04 4.573747752946927676e+02
3.323608123183250427e+04 4.573747752946927676e+02
3.325481448078155518e+04 4.573747752946927676e+02
3.327369569611549377e+04 4.573747752946927676e+02
3.332631463956832886e+04 4.573747752946927676e+02
3.338507187485694885e+04 4.573960995339132296e+02
3.343486356568336487e+04 4.573960995339132296e+02
3.345419097042083740e+04 4.573960995339132296e+02
3.347352970981597900e+04 4.573960995339132296e+02
3.349213905239105225e+04 4.573960995339132296e+02
3.354996068000793457e+04 4.573960995339132296e+02
3.360729282212257385e+04 4.573960995339132296e+02
3.365854863977432251e+04 4.573960995339132296e+02
3.367746942710876465e+04 4.573960995339132296e+02
3.369596991348266602e+04 4.573960995339132296e+02
3.371477387070655823e+04 4.573960995339132296e+02
3.376418061876296997e+04 4.573960995339132296e+02
3.382284716486930847e+04 4.573977580339076781e+02
3.386342642784118652e+04 4.573977580339076781e+02
3.388197468423843384e+04 4.573977580339076781e+02
3.390082556056976318e+04 4.573977580339076781e+02
3.391947525262832642e+04 4.573977580339076781e+02
3.397632068705558777e+04 4.573977580339076781e+02
3.401646403336524963e+04 4.573977580339076781e+02
3.406804909372329712e+04 4.573977580339076781e+02
3.408711955094337463e+04 4.573977580339076781e+02
3.410570155882835388e+04 4.573977580339076781e+02
3.412505493903160095e+04 4.573977580339076781e+02
3.417363969635963440e+04 4.573977580339076781e+02
3.441816502285003662e+04 4.573977580339076781e+02
3.445983852624893188e+04 4.573977580339076781e+02
3.447871544599533081e+04 4.573977580339076781e+02
3.449712318873405457e+04 4.573977580339076781e+02
3.451591209483146667e+04 4.573977580339076781e+02
3.457182267189025879e+04 4.573977580339076781e+02
3.461851393842697144e+04 4.573977580339076781e+02
3.467472924995422363e+04 4.574038050996741163e+02
3.469355534934997559e+04 4.574038050996741163e+02
3.471280126214027405e+04 4.574038050996741163e+02
3.473107043027877808e+04 4.574038050996741163e+02
3.478419693803787231e+04 4.574190991367469792e+02
3.482554868960380554e+04 4.574190991367469792e+02
3.486736052799224854e+04 4.574190991367469792e+02
3.488611196303367615e+04 4.574190991367469792e+02
3.490494961118698120e+04 4.574190991367469792e+02
3.492353534221649170e+04 4.574190991367469792e+02
3.498086363840103149e+04 4.574190991367469792e+02
3.502863463592529297e+04 4.574190991367469792e+02
3.510281680250167847e+04 4.574190991367469792e+02
3.512158609795570374e+04 4.574190991367469792e+02
3.513990310335159302e+04 4.574190991367469792e+02
3.515883581137657166e+04 4.574190991367469792e+02
3.519999465537071228e+04 4.574190991367469792e+02
3.525458006286621094e+04 4.574220040344651466e+02
3.531074019861221313e+04 4.574220040344651466e+02
3.532913485264778137e+04 4.574220040344651466e+02
3.534752902531623840e+04 4.574220040344651466e+02
3.536627771592140198e+04 4.574220040344651466e+02
3.542247143745422363e+04 4.574220040344651466e+02
3.546272510170936584e+04 4.574220040344651466e+02
3.550980365753173828e+04 4.574220040344651466e+02
3.552859081268310547e+04 4.574220040344651466e+02
3.554706966423988342e+04 4.574220040344651466e+02
3.556545434331893921e+04 4.574220040344651466e+02
3.560818533635139465e+04 4.574244175277671616e+02
3.565474135684967041e+04 4.574244175277671616e+02
3.584370450925827026e+04 4.574244175277671616e+02
3.586235702013969421e+04 4.574244175277671616e+02
3.588086066269874573e+04 4.574244175277671616e+02
3.589967379713058472e+04 4.574244175277671616e+02
3.595747653532028198e+04 4.574299742794594295e+02
3.599981111001968384e+04 4.574299742794594295e+02
3.605360720896720886e+04 4.574299742794594295e+02
3.607277564454078674e+04 4.574299742794594295e+02
3.609131866693496704e+04 4.574299742794594295e+02
3.610899643874168396e+04 4.574299742794594295e+02
3.615170408964157104e+04 4.574299742794594295e+02
3.620500300812721252e+04 4.574299742794594295e+02
3.626062571024894714e+04 4.574299742794594295e+02
3.627940654635429382e+04 4.574299742794594295e+02
3.629807699656486511e+04 4.574299742794594295e+02
3.631651837372779846e+04 4.574299742794594295e+02
3.637393312358856201e+04 4.574327324276755462e+02
3.642661913537979126e+04 4.574327324276755462e+02
3.648044176745414734e+04 4.574327324276755462e+02
3.649940481829643250e+04 4.574327324276755462e+02
3.651814577174186707e+04 4.574327324276755462e+02
3.653679733252525330e+04 4.574327324276755462e+02
3.658003536057472229e+04 4.574327324276755462e+02
3.663426989960670471e+04 4.574516550990856558e+02
3.668215464091300964e+04 4.574516550990856558e+02
3.670098005867004395e+04 4.574516550990856558e+02
3.671952809405326843e+04 4.574516550990856558e+02
3.673791932082176208e+04 4.574516550990856558e+02
3.679500892567634583e+04 4.574516550990856558e+02
3.684432170796394348e+04 4.574516550990856558e+02
3.689942430996894836e+04 4.574516550990856558e+02
3.691791138195991516e+04 4.574516550990856558e+02
3.693673236393928528e+04 4.574516550990856558e+02
3.695514466834068298e+04 4.574516550990856558e+02
3.699860612511634827e+04 4.574516550990856558e+02
3.706411225581169128e+04 4.574516550990856558e+02
3.711310108971595764e+04 4.574516550990856558e+02
3.713205625343322754e+04 4.574516550990856558e+02
3.715083997154235840e+04 4.574516550990856558e+02
3.716908406758308411e+04 4.574516550990856558e+02
3.722426373219490051e+04 4.574535370343998579e+02
3.727124602818489075e+04 4.574535370343998579e+02
3.732683910393714905e+04 4.574535370343998579e+02
3.734523477983474731e+04 4.574535370343998579e+02
3.736357991003990173e+04 4.574535370343998579e+02
3.738223794102668762e+04 4.574535370343998579e+02
3.743221294999122620e+04 4.574535370343998579e+02
3.748705658316612244e+04 4.574535370343998579e+02
3.752740986728668213e+04 4.574535370343998579e+02
3.754639063072204590e+04 4.574535370343998579e+02
3.756502686023712158e+04 4.574535370343998579e+02
3.758390851497650146e+04 4.574535370343998579e+02
3.764057260489463806e+04 4.574535370343998579e+02
3.768305846714973450e+04 4.574535370343998579e+02
3.774647763109207153e+04 4.574535370343998579e+02
3.776532188701629639e+04 4.574535370343998579e+02
3.778379632019996643e+04 4.574535370343998579e+02
3.780235121512413025e+04 4.574535370343998579e+02
3.786012021684646606e+04 4.574535370343998579e+02
3.791560688591003418e+04 4.574535370343998579e+02
3.795638995361328125e+04 4.575411323979192844e+02
3.797472888422012329e+04 4.575411323979192844e+02
3.799274315500259399e+04 4.575411323979192844e+02
3.801158746719360352e+04 4.575411323979192844e+02
3.806854913949966431e+04 4.575411323979192844e+02
3.811553660607337952e+04 4.575411323979192844e+02
3.817212636542320251e+04 4.575411323979192844e+02
3.819130763792991638e+04 4.575411323979192844e+02
3.821031703972816467e+04 4.575411323979192844e+02
3.822899374866485596e+04 4.575411323979192844e+02
3.827656874251365662e+04 4.575411323979192844e+02
3.834156760764122009e+04 4.575411323979192844e+02
3.838258316326141357e+04 4.575411323979192844e+02
3.840118903875350952e+04 4.575411323979192844e+02
3.842047364163398743e+04 4.575411323979192844e+02
3.843887757253646851e+04 4.575411323979192844e+02
3.849625231337547302e+04 4.579797174631524967e+02
3.854494703292846680e+04 4.579797174631524967e+02
3.859292777347564697e+04 4.579797174631524967e+02
3.861163474893569946e+04 4.579797174631524967e+02
3.863068995690345764e+04 4.579797174631524967e+02
3.864955963230133057e+04 4.579797174631524967e+02
3.869241420507431030e+04 4.579797174631524967e+02
3.874877383208274841e+04 4.579797174631524967e+02
3.879529795932769775e+04 4.579797174631524967e+02
3.881393619275093079e+04 4.579797174631524967e+02
3.883289759087562561e+04 4.579797174631524967e+02
3.885140923380851746e+04 4.579797174631524967e+02
3.890766537380218506e+04 4.579797174631524967e+02
3.896305746054649353e+04 4.579797174631524967e+02
3.901764137125015259e+04 4.579797174631524967e+02
3.903670562005043030e+04 4.579797174631524967e+02
3.905542775607109070e+04 4.579797174631524967e+02
3.907428634405136108e+04 4.579797174631524967e+02
3.911667349290847778e+04 4.579797174631524967e+02
3.917037086844444275e+04 4.579797174631524967e+02
3.922713450670242310e+04 4.579797174631524967e+02
3.924575286984443665e+04 4.579797174631524967e+02
3.926492665028572083e+04 4.579797174631524967e+02
3.928359566664695740e+04 4.579797174631524967e+02
3.933993455648422241e+04 4.579797174631524967e+02
3.938012416005134583e+04 4.579797174631524967e+02
3.942892290329933167e+04 4.579797174631524967e+02
3.944769644904136658e+04 4.579797174631524967e+02
3.946622708129882812e+04 4.579797174631524967e+02
3.948464772033691406e+04 4.579797174631524967e+02
3.954179340505599976e+04 4.579797174631524967e+02
3.960421422863006592e+04 4.579797174631524967e+02
3.967106774497032166e+04 4.579797174631524967e+02
3.968958058500289917e+04 4.579797174631524967e+02
3.970821432590484619e+04 4.579797174631524967e+02
3.972659066486358643e+04 4.579797174631524967e+02
3.978393602585792542e+04 4.579797174631524967e+02
3.982374291157722473e+04 4.579797174631524967e+02
3.987770140647888184e+04 4.580264831207018119e+02
3.989651443290710449e+04 4.580264831207018119e+02
3.991558102917671204e+04 4.580264831207018119e+02
3.993383422613143921e+04 4.580264831207018119e+02
3.998963666772842407e+04 4.580264831207018119e+02
4.022404035258293152e+04 4.580264831207018119e+02
4.026423236393928528e+04 4.580264831207018119e+02
4.028326676964759827e+04 4.580264831207018119e+02
4.030193505597114563e+04 4.580264831207018119e+02
4.032077591156959534e+04 4.580264831207018119e+02
4.037675639343261719e+04 4.580264831207018119e+02
4.042407231473922729e+04 4.580264831207018119e+02
4.047898788452148438e+04 4.582016355511692609e+02
4.049782494425773621e+04 4.582016355511692609e+02
4.051663983201980591e+04 4.582016355511692609e+02
4.053502287745475769e+04 4.582016355511692609e+02
4.058623928165435791e+04 4.582016355511692609e+02
4.064112393689155579e+04 4.582016355511692609e+02
4.075263410639762878e+04 4.582016355511692609e+02
4.077165553665161133e+04 4.582016355511692609e+02
4.079028983950614929e+04 4.582016355511692609e+02
4.080897441387176514e+04 4.582016355511692609e+02
4.086618037796020508e+04 4.582016355511692609e+02
4.091643047046661377e+04 4.582016355511692609e+02
4.097155854034423828e+04 4.582016355511692609e+02
4.099096187329292297e+04 4.582016355511692609e+02
4.101001089334487915e+04 4.582016355511692609e+02
4.102803215217590332e+04 4.582016355511692609e+02
4.106861175203323364e+04 4.582016355511692609e+02
4.112460774183273315e+04 4.582016355511692609e+02
4.116753176116943359e+04 4.582016355511692609e+02
4.118575795674324036e+04 4.582016355511692609e+02
4.120456587386131287e+04 4.582016355511692609e+02
4.122362089037895203e+04 4.582016355511692609e+02
4.128039438319206238e+04 4.582016355511692609e+02
4.142629004454612732e+04 4.582016355511692609e+02
4.148240367555618286e+04 4.582016355511692609e+02
4.150161327695846558e+04 4.582016355511692609e+02
4.152055604910850525e+04 4.582016355511692609e+02
4.153979193735122681e+04 4.582016355511692609e+02
4.158152700948715210e+04 4.582016355511692609e+02
4.164439497399330139e+04 4.582016355511692609e+02
4.168575355410575867e+04 4.584434446299628689e+02
4.170479974150657654e+04 4.584434446299628689e+02
4.172370716929435730e+04 4.584434446299628689e+02
4.174259999799728394e+04 4.584434446299628689e+02
4.179990975427627563e+04 4.584434446299628689e+02
4.184241261291503906e+04 4.584434446299628689e+02
4.189696955609321594e+04 4.584434446299628689e+02
4.191539451742172241e+04 4.584434446299628689e+02
4.193434818124771118e+04 4.584434446299628689e+02
4.195287709903717041e+04 4.584434446299628689e+02
4.199605504345893860e+04 4.584434446299628689e+02
4.204577310466766357e+04 4.584434446299628689e+02
4.209337351918220520e+04 4.584434446299628689e+02
4.211260999488830566e+04 4.584434446299628689e+02
4.213191799569129944e+04 4.584434446299628689e+02
4.215061964011192322e+04 4.584434446299628689e+02
4.220854165387153625e+04 4.584474264121060401e+02
4.227427934384346008e+04 4.584474264121060401e+02
4.233001448106765747e+04 4.584474264121060401e+02
4.234869640970230103e+04 4.584474264121060401e+02
4.236708817529678345e+04 4.584474264121060401e+02
4.238562241196632385e+04 4.584474264121060401e+02
4.243343994402885437e+04 4.584474264121060401e+02
4.248075787568092346e+04 4.584474264121060401e+02
4.252412357163429260e+04 4.584474264121060401e+02
4.254283654022216797e+04 4.584474264121060401e+02
4.256153254723548889e+04 4.584474264121060401e+02
4.257933231258392334e+04 4.584474264121060401e+02
4.263696981143951416e+04 4.584474264121060401e+02
4.269060815811157227e+04 4.584474264121060401e+02
4.275674048686027527e+04 4.584474264121060401e+02
4.277529101419448853e+04 4.584474264121060401e+02
4.279397045159339905e+04 4.584474264121060401e+02
4.281327275347709656e+04 4.584474264121060401e+02
4.285434238648414612e+04 4.586649716684186728e+02
4.290999340057373047e+04 4.586649716684186728e+02
4.298115428233146667e+04 4.586649716684186728e+02
4.300000828480720520e+04 4.586649716684186728e+02
4.301897786450386047e+04 4.586649716684186728e+02
4.303776423525810242e+04 4.586649716684186728e+02
4.309261544632911682e+04 4.586784854256867447e+02
4.314184986281394958e+04 4.586784854256867447e+02
4.319728228306770325e+04 4.586784854256867447e+02
4.321618524837493896e+04 4.586784854256867447e+02
4.323443866229057312e+04 4.586784854256867447e+02
4.325263157057762146e+04 4.586784854256867447e+02
4.329297203278541565e+04 4.599045721780588565e+02
4.334768966984748840e+04 4.599045924733434845e+02
4.340190477275848389e+04 4.599045924733434845e+02
4.342067439270019531e+04 4.599045924733434845e+02
4.343951776671409607e+04 4.599045924733434845e+02
4.345742993021011353e+04 4.599045924733434845e+02
4.351371633076667786e+04 4.599045924733434845e+02
4.356447552514076233e+04 4.599045924733434845e+02
4.360451517438888550e+04 4.599045924733434845e+02
4.362237981677055359e+04 4.599045924733434845e+02
4.364019436979293823e+04 4.599045924733434845e+02
4.365824765872955322e+04 4.599045924733434845e+02
4.370108532810211182e+04 4.599045924733434845e+02
4.375457935929298401e+04 4.599045924733434845e+02
4.379400310635566711e+04 4.599045924733434845e+02
4.381259558129310608e+04 4.599045924733434845e+02
4.383137921309471130e+04 4.599045924733434845e+02
4.384981680345535278e+04 4.599045924733434845e+02
4.390670623707771301e+04 4.599045924733434845e+02
4.395562420606613159e+04 4.599045924733434845e+02
4.401109182095527649e+04 4.599045924733434845e+02
4.403003598165512085e+04 4.599045924733434845e+02
4.404836705064773560e+04 4.599045924733434845e+02
4.406686014556884766e+04 4.599045924733434845e+02
4.412440837669372559e+04 4.599045924733434845e+02
4.417972836518287659e+04 4.599045924733434845e+02
4.424198077869415283e+04 4.599045924733434845e+02
4.426025196075439453e+04 4.599045924733434845e+02
4.427900941061973572e+04 4.599045924733434845e+02
4.429782151651382446e+04 4.599045924733434845e+02
4.435263117527961731e+04 4.599045924733434845e+02
4.439130148887634277e+04 4.599045924733434845e+02
4.444626718616485596e+04 4.599045924733434845e+02
4.446476885104179382e+04 4.599045924733434845e+02
4.448260758495330811e+04 4.599045924733434845e+02
4.450084004378318787e+04 4.599045924733434845e+02
4.455760045051574707e+04 4.599045924733434845e+02
4.461475428533554077e+04 4.599045924733434845e+02
4.466458205318450928e+04 4.599045924733434845e+02
4.468387319803237915e+04 4.599045924733434845e+02
4.470243898630142212e+04 4.599045924733434845e+02
4.472067895674705505e+04 4.599045924733434845e+02
4.477690444374084473e+04 4.599045924733434845e+02
4.481715611219406128e+04 4.599045924733434845e+02
4.487402677035331726e+04 4.599045924733434845e+02
4.489283452987670898e+04 4.599045924733434845e+02
4.491125242543220520e+04 4.599045924733434845e+02
4.492978720998764038e+04 4.599045924733434845e+02
4.497737569475173950e+04 4.599045924733434845e+02
4.503407304000854492e+04 4.599045924733434845e+02
4.507365719580650330e+04 4.599045924733434845e+02
4.509242325854301453e+04 4.599045924733434845e+02
4.511077193498611450e+04 4.599045924733434845e+02
4.512934631013870239e+04 4.599045924733434845e+02
4.518505517792701721e+04 4.599045924733434845e+02
4.523346217441558838e+04 4.599045924733434845e+02
4.528871706819534302e+04 4.599045924733434845e+02
4.530690257549285889e+04 4.599045924733434845e+02
4.532530069613456726e+04 4.599045924733434845e+02
4.534349009251594543e+04 4.599045924733434845e+02
4.538922495102882385e+04 4.599045924733434845e+02
4.544461668205261230e+04 4.599045924733434845e+02
4.548483247733116150e+04 4.599045924733434845e+02
4.550341992497444153e+04 4.599045924733434845e+02
4.552102965283393860e+04 4.599045924733434845e+02
4.553988265252113342e+04 4.599045924733434845e+02
4.559690588951110840e+04 4.599045924733434845e+02
4.565516882419586182e+04 4.599045924733434845e+02
4.570847721004486084e+04 4.599045924733434845e+02
4.572752657866477966e+04 4.599045924733434845e+02
4.574509902596473694e+04 4.599045924733434845e+02
4.576366612124443054e+04 4.599045924733434845e+02
4.580461460638046265e+04 4.599483375066354824e+02
4.588290259885787964e+04 4.599483375066354824e+02
4.592882617831230164e+04 4.599483375066354824e+02
4.594801605296134949e+04 4.599483375066354824e+02
4.596643760013580322e+04 4.599483375066354824e+02
4.598454048180580139e+04 4.599483375066354824e+02
4.603999512267112732e+04 4.599483375066354824e+02
4.609503627252578735e+04 4.599483375066354824e+02
4.614845622563362122e+04 4.599483375066354824e+02
4.616637833905220032e+04 4.599483375066354824e+02
4.618465329861640930e+04 4.599483375066354824e+02
4.620348083043098450e+04 4.599483375066354824e+02
4.624927367782592773e+04 4.599483375066354824e+02
4.630261767935752869e+04 4.599483375066354824e+02
4.635787038564682007e+04 4.599483375066354824e+02
4.637575803184509277e+04 4.599483375066354824e+02
4.639453816056251526e+04 4.599483375066354824e+02
4.641316794061660767e+04 4.599483375066354824e+02
4.646882211089134216e+04 4.599483375066354824e+02
4.651636245441436768e+04 4.599483375066354824e+02
4.657174495172500610e+04 4.599483375066354824e+02
4.658996678829193115e+04 4.599483375066354824e+02
4.660861038017272949e+04 4.599483375066354824e+02
4.662716007447242737e+04 4.599483375066354824e+02
4.667482362747192383e+04 4.599483375066354824e+02
4.673132817625999451e+04 4.599483375066354824e+02
4.678023824787139893e+04 4.599483375066354824e+02
4.679857779407501221e+04 4.599483375066354824e+02
4.681684700059890747e+04 4.599483375066354824e+02
4.683509557056427002e+04 4.599483375066354824e+02
4.688973072481155396e+04 4.599581641672648402e+02
4.694230499458312988e+04 4.599581641672648402e+02
4.700607024359703064e+04 4.599581641672648402e+02
4.702393997454643250e+04 4.599581641672648402e+02
4.704230035305023193e+04 4.599581641672648402e+02
4.706027774190902710e+04 4.599581641672648402e+02
4.710073990416526794e+04 4.600706524002043807e+02
4.715956289744377136e+04 4.600706524002043807e+02
4.721125002145767212e+04 4.600706524002043807e+02
4.722931224608421326e+04 4.600706524002043807e+02
4.724800703191757202e+04 4.600706524002043807e+02
4.726684433531761169e+04 4.600706524002043807e+02
4.732338791608810425e+04 4.600706524002043807e+02
4.737280365872383118e+04 4.600706524002043807e+02
4.751533513665199280e+04 4.600706524002043807e+02
4.753360289144515991e+04 4.600706524002043807e+02
4.755276099061965942e+04 4.600706524002043807e+02
4.757127108430862427e+04 4.600706524002043807e+02
4.762402001333236694e+04 4.600706524002043807e+02
4.768094147443771362e+04 4.600706524002043807e+02
4.773120138669013977e+04 4.600706524002043807e+02
4.775045432448387146e+04 4.600706524002043807e+02
4.776919305658340454e+04 4.600706524002043807e+02
4.778801193475723267e+04 4.600706524002043807e+02
4.784483646154403687e+04 4.600706524002043807e+02
4.789982372307777405e+04 4.600706524002043807e+02
4.795360707950592041e+04 4.600706524002043807e+02
4.797197916650772095e+04 4.600706524002043807e+02
4.799033780193328857e+04 4.600706524002043807e+02
4.800917346119880676e+04 4.600706524002043807e+02
4.806393609285354614e+04 4.600706524002043807e+02
4.811664588165283203e+04 4.600706524002043807e+02
4.830102725195884705e+04 4.600706524002043807e+02
4.831929269146919250e+04 4.600706524002043807e+02
4.833732821846008301e+04 4.600706524002043807e+02
4.835569673848152161e+04 4.600706524002043807e+02
4.841104681372642517e+04 4.600706524002043807e+02
4.846581819057464600e+04 4.600706524002043807e+02
4.852135585165023804e+04 4.600706524002043807e+02
4.854003496241569519e+04 4.600706524002043807e+02
4.855850028514862061e+04 4.600706524002043807e+02
4.857650551414489746e+04 4.600706524002043807e+02
4.861660629320144653e+04 4.600706524002043807e+02
4.867165267562866211e+04 4.600706524002043807e+02
4.871281665539741516e+04 4.600706524002043807e+02
4.873093446040153503e+04 4.600706524002043807e+02
4.874948791623115540e+04 4.600706524002043807e+02
4.876785903716087341e+04 4.600706524002043807e+02
4.882399763536453247e+04 4.600706524002043807e+02
4.886372668623924255e+04 4.600706524002043807e+02
4.891613615417480469e+04 4.600706524002043807e+02
4.893411752748489380e+04 4.600706524002043807e+02
4.895142065668106079e+04 4.600706524002043807e+02
4.896976554918289185e+04 4.600706524002043807e+02
4.901245152640342712e+04 4.600706524002043807e+02
4.906652335453033447e+04 4.600706524002043807e+02
4.911435605788230896e+04 4.600706524002043807e+02
4.913249169874191284e+04 4.600706524002043807e+02
4.915175768089294434e+04 4.600706524002043807e+02
4.917046129751205444e+04 4.600706524002043807e+02
4.922629010772705078e+04 4.600706524002043807e+02
4.926682943892478943e+04 4.600706524002043807e+02
4.932327317142486572e+04 4.600706524002043807e+02
4.934139354658126831e+04 4.600706524002043807e+02
4.935968761825561523e+04 4.600706524002043807e+02
4.937803166341781616e+04 4.600706524002043807e+02
4.942439326691627502e+04 4.602058176929962201e+02
4.953300010156631470e+04 4.602058176929962201e+02
4.957833193922042847e+04 4.602058176929962201e+02
4.959659181857109070e+04 4.602058176929962201e+02
4.961546500968933105e+04 4.602058176929962201e+02
4.963422445964813232e+04 4.602058176929962201e+02
4.968955377745628357e+04 4.602058176929962201e+02
4.974339801502227783e+04 4.602058176929962201e+02
4.979709751868247986e+04 4.602058176929962201e+02
4.981580688762664795e+04 4.602058176929962201e+02
4.983466968965530396e+04 4.602058176929962201e+02
4.985329483842849731e+04 4.602058176929962201e+02
4.989421095156669617e+04 4.602746820073275558e+02
4.994747561502456665e+04 4.602746820073275558e+02
4.998798081088066101e+04 4.602746820073275558e+02
5.000711851429939270e+04 4.602746820073275558e+02
5.002476250982284546e+04 4.602746820073275558e+02
5.004322942304611206e+04 4.602746820073275558e+02
5.009952108097076416e+04 4.602746820073275558e+02
5.014793563938140869e+04 4.602746820073275558e+02
5.020183839106559753e+04 4.602746820073275558e+02
5.022024185323715210e+04 4.602746820073275558e+02
5.023884779906272888e+04 4.602746820073275558e+02
5.025776954555511475e+04 4.602746820073275558e+02
5.030559506273269653e+04 4.602746820073275558e+02
5.035897410917282104e+04 4.602746820073275558e+02
5.039837766909599304e+04 4.602746820073275558e+02
5.041704817795753479e+04 4.602746820073275558e+02
5.043490037488937378e+04 4.602746820073275558e+02
5.045372736001014709e+04 4.602746820073275558e+02
5.050542504596710205e+04 4.602746820073275558e+02
5.056067092204093933e+04 4.602746820073275558e+02
5.061410566329956055e+04 4.602746820073275558e+02
5.063196531295776367e+04 4.602746820073275558e+02
5.065008021426200867e+04 4.602746820073275558e+02
5.066855448985099792e+04 4.602746820073275558e+02
5.071650024604797363e+04 4.602746820073275558e+02
5.077513242244720459e+04 4.602746820073275558e+02
5.082290537166595459e+04 4.602746820073275558e+02
5.084101062989234924e+04 4.602746820073275558e+02
5.085923152542114258e+04 4.602746820073275558e+02
5.087759606695175171e+04 4.602746820073275558e+02
5.092987714815139771e+04 4.602746820073275558e+02
5.097713190746307373e+04 4.602746820073275558e+02
5.103005933332443237e+04 4.602746820073275558e+02
5.104881087994575500e+04 4.602746820073275558e+02
5.106728960537910461e+04 4.602746820073275558e+02
5.108500645017623901e+04 4.602746820073275558e+02
5.113916176772117615e+04 4.602746820073275558e+02
5.118935952877998352e+04 4.602746820073275558e+02
5.122753870725631714e+04 4.602746820073275558e+02
5.124544281697273254e+04 4.602746820073275558e+02
5.126313629031181335e+04 4.602746820073275558e+02
5.128157505249977112e+04 4.602746820073275558e+02
5.133354795050621033e+04 4.602746820073275558e+02
5.139505082011222839e+04 4.602746820073275558e+02
5.144875627970695496e+04 4.602746820073275558e+02
5.146696443510055542e+04 4.602746820073275558e+02
5.148513753342628479e+04 4.602746820073275558e+02
5.150327500319480896e+04 4.602746820073275558e+02
5.155160257244110107e+04 4.602746820073275558e+02
5.161816766381263733e+04 4.602746820073275558e+02
5.165835231256484985e+04 4.602746820073275558e+02
5.167574948668479919e+04 4.602746820073275558e+02
5.169322240209579468e+04 4.602746820073275558e+02
5.171118534708023071e+04 4.602746820073275558e+02
5.176666367459297180e+04 4.602746820073275558e+02
5.181784424209594727e+04 4.602746820073275558e+02
5.186883041858673096e+04 4.602746820073275558e+02
5.188624879693984985e+04 4.602746820073275558e+02
5.190408438134193420e+04 4.602746820073275558e+02
5.192292421793937683e+04 4.602746820073275558e+02
5.197718087077140808e+04 4.602746820073275558e+02
5.203106898379325867e+04 4.602746820073275558e+02
5.207059723067283630e+04 4.602746820073275558e+02
5.208880837821960449e+04 4.602746820073275558e+02
5.210696795558929443e+04 4.602746820073275558e+02
5.212558195924758911e+04 4.602746820073275558e+02
5.218114373540878296e+04 4.602746820073275558e+02
5.224606798911094666e+04 4.602746820073275558e+02
5.230197291541099548e+04 4.602746820073275558e+02
5.232045852279663086e+04 4.602746820073275558e+02
5.233919851636886597e+04 4.602746820073275558e+02
5.235788763761520386e+04 4.602746820073275558e+02
5.240491362142562866e+04 4.602746820073275558e+02
5.246028585362434387e+04 4.602746820073275558e+02
5.250887036252021790e+04 4.602746820073275558e+02
5.252741815185546875e+04 4.602746820073275558e+02
5.254549255704879761e+04 4.602746820073275558e+02
5.256382586669921875e+04 4.602746820073275558e+02
5.261794973492622375e+04 4.602746820073275558e+02
5.265828045606613159e+04 4.602746820073275558e+02
5.270565158081054688e+04 4.602746820073275558e+02
5.272402401804924011e+04 4.602746820073275558e+02
5.274218511056900024e+04 4.602746820073275558e+02
5.276059869337081909e+04 4.602746820073275558e+02
5.281169234704971313e+04 4.602746820073275558e+02
5.286590565776824951e+04 4.602746820073275558e+02
5.290657506155967712e+04 4.602746820073275558e+02
5.292510798478126526e+04 4.602746820073275558e+02
5.294385889530181885e+04 4.602746820073275558e+02
5.296181973981857300e+04 4.602746820073275558e+02
5.301883420395851135e+04 4.602746820073275558e+02
5.306814932417869568e+04 4.602746820073275558e+02
5.311410173559188843e+04 4.602746820073275558e+02
5.313268853402137756e+04 4.602746820073275558e+02
5.315193385767936707e+04 4.602746820073275558e+02
5.317015403151512146e+04 4.602746820073275558e+02
5.321730678343772888e+04 4.602746820073275558e+02
5.326370871710777283e+04 4.602746820073275558e+02
5.330548119163513184e+04 4.602746820073275558e+02
5.332424549722671509e+04 4.602746820073275558e+02
5.334265036988258362e+04 4.602746820073275558e+02
5.336068884062767029e+04 4.602746820073275558e+02
5.341775216913223267e+04 4.602746820073275558e+02
5.365263569474220276e+04 4.602746820073275558e+02
5.370690971899032593e+04 4.602746820073275558e+02
5.372515294456481934e+04 4.602746820073275558e+02
5.374296422886848450e+04 4.602746820073275558e+02
5.376166507005691528e+04 4.602746820073275558e+02
5.381334540796279907e+04 4.602746820073275558e+02
5.386238901114463806e+04 4.602746820073275558e+02
5.391100501465797424e+04 4.602746820073275558e+02
5.392954867362976074e+04 4.602746820073275558e+02
5.394795818233489990e+04 4.602746820073275558e+02
5.396651536750793457e+04 4.602746820073275558e+02
5.402192074108123779e+04 4.602746820073275558e+02
5.407099127459526062e+04 4.602746820073275558e+02
5.413116532540321350e+04 4.602746820073275558e+02
5.415012186622619629e+04 4.602746820073275558e+02
5.416846330046653748e+04 4.602746820073275558e+02
5.418680283880233765e+04 4.602746820073275558e+02
5.423796908020973206e+04 4.602746820073275558e+02
5.429306420063972473e+04 4.602746820073275558e+02
5.434759220266342163e+04 4.602746820073275558e+02
5.436552182602882385e+04 4.602746820073275558e+02
5.438438809108734131e+04 4.602746820073275558e+02
5.440263681507110596e+04 4.602746820073275558e+02
5.445943885278701782e+04 4.602746820073275558e+02
5.449875660967826843e+04 4.602746820073275558e+02
5.466818599414825439e+04 4.602746820073275558e+02
5.468680399394035339e+04 4.602746820073275558e+02
5.470566358518600464e+04 4.602746820073275558e+02
5.472456871175765991e+04 4.602746820073275558e+02
5.478048042011260986e+04 4.602746820073275558e+02
5.483699669671058655e+04 4.602746820073275558e+02
5.489008254194259644e+04 4.602746820073275558e+02
5.490789719367027283e+04 4.602746820073275558e+02
5.492648529791831970e+04 4.602746820073275558e+02
5.494511647629737854e+04 4.602746820073275558e+02
5.500052366876602173e+04 4.602746820073275558e+02
5.505390465497970581e+04 4.602746820073275558e+02
5.510616548228263855e+04 4.602746820073275558e+02
5.512440302276611328e+04 4.602746820073275558e+02
5.514234875941276550e+04 4.602746820073275558e+02
5.516063109326362610e+04 4.602746820073275558e+02
5.520844612741470337e+04 4.602746820073275558e+02
5.526477626299858093e+04 4.602746820073275558e+02
5.531094961738586426e+04 4.602746820073275558e+02
5.532949502158164978e+04 4.602746820073275558e+02
5.534771700787544250e+04 4.602746820073275558e+02
5.536667542243003845e+04 4.602746820073275558e+02
5.542260667753219604e+04 4.602746820073275558e+02
5.546230642986297607e+04 4.602746820073275558e+02
5.551801668620109558e+04 4.602746820073275558e+02
5.553672337508201599e+04 4.602746820073275558e+02
5.555560275506973267e+04 4.602746820073275558e+02
5.557432955789566040e+04 4.602746820073275558e+02
5.562287108707427979e+04 4.602746820073275558e+02
5.567942250299453735e+04 4.602746820073275558e+02
5.572579430484771729e+04 4.602746820073275558e+02
5.574477801132202148e+04 4.602746820073275558e+02
5.576345453763008118e+04 4.602746820073275558e+02
5.578212425732612610e+04 4.602746820073275558e+02
5.583858673405647278e+04 4.602746820073275558e+02
5.589465496158599854e+04 4.602746820073275558e+02
5.594883510184288025e+04 4.602746820073275558e+02
5.596661853313446045e+04 4.602746820073275558e+02
5.598526382327079773e+04 4.602746820073275558e+02
5.600310164213180542e+04 4.602746820073275558e+02
5.605006767010688782e+04 4.602746820073275558e+02
5.610696424865722656e+04 4.602746820073275558e+02
5.616221903395652771e+04 4.602746820073275558e+02
5.618108828568458557e+04 4.602746820073275558e+02
5.619941643238067627e+04 4.602746820073275558e+02
5.621811024856567383e+04 4.602746820073275558e+02
5.627515025401115417e+04 4.602746820073275558e+02
5.633073596191406250e+04 4.602746820073275558e+02
5.638607070922851562e+04 4.602746820073275558e+02
5.640431762170791626e+04 4.602746820073275558e+02
5.642285642862319946e+04 4.602746820073275558e+02
5.644101832199096680e+04 4.602746820073275558e+02
5.649109448790550232e+04 4.602746820073275558e+02
5.654529025793075562e+04 4.602746820073275558e+02
5.658689363908767700e+04 4.602746820073275558e+02
5.660565657210350037e+04 4.602746820073275558e+02
5.662364174127578735e+04 4.602746820073275558e+02
5.664229601526260376e+04 4.602746820073275558e+02
5.669727770876884460e+04 4.602746820073275558e+02
5.673739275097846985e+04 4.602746820073275558e+02
5.679940180277824402e+04 4.602746820073275558e+02
5.681794622802734375e+04 4.602746820073275558e+02
5.683623284173011780e+04 4.602746820073275558e+02
5.685437387943267822e+04 4.602746820073275558e+02
5.690665424799919128e+04 4.602746820073275558e+02
5.696134280848503113e+04 4.602746820073275558e+02
5.700895529055595398e+04 4.602746820073275558e+02
5.702756229591369629e+04 4.602746820073275558e+02
5.704613630771636963e+04 4.602746820073275558e+02
5.706387470936775208e+04 4.602746820073275558e+02
5.711935632967948914e+04 4.602746820073275558e+02
5.717471849942207336e+04 4.602746820073275558e+02
5.723017309880256653e+04 4.602746820073275558e+02
5.724820012545585632e+04 4.602746820073275558e+02
5.726650600886344910e+04 4.602746820073275558e+02
5.728486204624176025e+04 4.602746820073275558e+02
5.733361083149909973e+04 4.602746820073275558e+02
5.739075372910499573e+04 4.602746820073275558e+02
5.744047785139083862e+04 4.602746820073275558e+02
5.745874545025825500e+04 4.602746820073275558e+02
5.747686006999015808e+04 4.602746820073275558e+02
5.749568550443649292e+04 4.602746820073275558e+02
5.755252203297615051e+04 4.602746820073275558e+02
5.760315522694587708e+04 4.602746820073275558e+02
5.765853954696655273e+04 4.602746820073275558e+02
5.767685271096229553e+04 4.602746820073275558e+02
5.769589354729652405e+04 4.602746820073275558e+02
5.771487181615829468e+04 4.602746820073275558e+02
5.777172013902664185e+04 4.602746820073275558e+02
5.782510537719726562e+04 4.602746820073275558e+02
5.786666921329498291e+04 4.602746820073275558e+02
5.788562566447257996e+04 4.602746820073275558e+02
5.790435929107666016e+04 4.602746820073275558e+02
5.792252727127075195e+04 4.602746820073275558e+02
5.797842977499961853e+04 4.602746820073275558e+02
5.802550840282440186e+04 4.602746820073275558e+02
5.808026999568939209e+04 4.602746820073275558e+02
5.809890287756919861e+04 4.602746820073275558e+02
5.811693108558654785e+04 4.602746820073275558e+02
5.813478443455696106e+04 4.602746820073275558e+02
5.818582907819747925e+04 4.602746820073275558e+02
5.824016573739051819e+04 4.602746820073275558e+02
5.828462243342399597e+04 4.602746820073275558e+02
5.830341669058799744e+04 4.602746820073275558e+02
5.832134605598449707e+04 4.602746820073275558e+02
5.834024868750572205e+04 4.602746820073275558e+02
5.839540561151504517e+04 4.602746820073275558e+02
5.843603297901153564e+04 4.602746820073275558e+02
5.850253851985931396e+04 4.602746820073275558e+02
5.852080228424072266e+04 4.602746820073275558e+02
5.853930749750137329e+04 4.602746820073275558e+02
5.855779828405380249e+04 4.602746820073275558e+02
5.859936891484260559e+04 4.602746820073275558e+02
5.865427398514747620e+04 4.602746820073275558e+02
5.870977064824104309e+04 4.602746820073275558e+02
5.872824518299102783e+04 4.602746820073275558e+02
5.874666130900382996e+04 4.602746820073275558e+02
5.876511317729949951e+04 4.602746820073275558e+02
5.882215461754798889e+04 4.602746820073275558e+02
5.886400064945220947e+04 4.602746820073275558e+02
5.892147313904762268e+04 4.602746820073275558e+02
5.894009146809577942e+04 4.602746820073275558e+02
5.895853907632827759e+04 4.602746820073275558e+02
5.897736892819404602e+04 4.602746820073275558e+02
5.902683334159851074e+04 4.602746820073275558e+02
5.908293087077140808e+04 4.602746820073275558e+02
5.912860135078430176e+04 4.602746820073275558e+02
5.914693168735504150e+04 4.602746820073275558e+02
5.916569043231010437e+04 4.602746820073275558e+02
5.918465436005592346e+04 4.602746820073275558e+02
5.924307112360000610e+04 4.602746820073275558e+02
5.929179831194877625e+04 4.602746820073275558e+02
5.934638481092453003e+04 4.602746820073275558e+02
5.936550386500358582e+04 4.602746820073275558e+02
5.938412375712394714e+04 4.602746820073275558e+02
5.940250208783149719e+04 4.602746820073275558e+02
5.944977706766128540e+04 4.602746820073275558e+02
5.950448213553428650e+04 4.602746820073275558e+02
5.954610710477828979e+04 4.602746820073275558e+02
5.956466570401191711e+04 4.602746820073275558e+02
5.958319655346870422e+04 4.602746820073275558e+02
5.960158356928825378e+04 4.602746820073275558e+02
5.965695653271675110e+04 4.602746820073275558e+02
5.969890169668197632e+04 4.616717185794548755e+02
5.974750653100013733e+04 4.616717185794548755e+02
5.976621516585350037e+04 4.616717185794548755e+02
5.978516029191017151e+04 4.616717185794548755e+02
5.980340038490295410e+04 4.616717185794548755e+02
5.984391254115104675e+04 4.616717185794548755e+02
5.989953776144981384e+04 4.616717185794548755e+02
5.994703932142257690e+04 4.616717185794548755e+02
5.996573386812210083e+04 4.616717185794548755e+02
5.998441842246055603e+04 4.616717185794548755e+02
6.000281040072441101e+04 4.616717185794548755e+02
6.005818122053146362e+04 4.616717185794548755e+02
6.010475694608688354e+04 4.616717185794548755e+02
6.016759774756431580e+04 4.616717185794548755e+02
6.018595562505722046e+04 4.616717185794548755e+02
6.020468554520606995e+04 4.616717185794548755e+02
6.022294142842292786e+04 4.616717185794548755e+02
6.027171493983268738e+04 4.616717185794548755e+02
6.035842077231407166e+04 4.616717185794548755e+02
6.040524420452117920e+04 4.616717185794548755e+02
6.042357546758651733e+04 4.616717185794548755e+02
6.044217294979095459e+04 4.616717185794548755e+02
6.046082364964485168e+04 4.616717185794548755e+02
6.051694898843765259e+04 4.616717185794548755e+02
6.056445996475219727e+04 4.616717185794548755e+02
6.061477319073677063e+04 4.616717185794548755e+02
6.063351617288589478e+04 4.616717185794548755e+02
6.065245655322074890e+04 4.616717185794548755e+02
6.067086113286018372e+04 4.616717185794548755e+02
6.071215384221076965e+04 4.616717185794548755e+02
6.076828695464134216e+04 4.616717185794548755e+02
6.081610375046730042e+04 4.616717185794548755e+02
6.083492998361587524e+04 4.616717185794548755e+02
6.085278671288490295e+04 4.616717185794548755e+02
6.087121822524070740e+04 4.616717185794548755e+02
6.092814396023750305e+04 4.616717185794548755e+02
6.097564362931251526e+04 4.616717185794548755e+02
6.102419669437408447e+04 4.616717185794548755e+02
6.104285406565666199e+04 4.616717185794548755e+02
6.106100613188743591e+04 4.616717185794548755e+02
6.107976707506179810e+04 4.616717185794548755e+02
6.113672637772560120e+04 4.616717185794548755e+02
6.119042034196853638e+04 4.616717185794548755e+02
6.123773578262329102e+04 4.616717185794548755e+02
6.125613672494888306e+04 4.616717185794548755e+02
6.127471093297004700e+04 4.616717185794548755e+02
6.129363437843322754e+04 4.616717185794548755e+02
6.134973440170288086e+04 4.616717185794548755e+02
6.139070707750320435e+04 4.616717185794548755e+02
6.154065897274017334e+04 4.616717185794548755e+02
6.155857376050949097e+04 4.616717185794548755e+02
6.157666068434715271e+04 4.616717185794548755e+02
6.159502918672561646e+04 4.616717185794548755e+02
6.163768760848045349e+04 4.616717185794548755e+02
6.169372229743003845e+04 4.616717185794548755e+02
6.174187604808807373e+04 4.616717185794548755e+02
6.176047286939620972e+04 4.616717185794548755e+02
6.177912883567810059e+04 4.616717185794548755e+02
6.179769104290008545e+04 4.616717185794548755e+02
6.185502013134956360e+04 4.616717185794548755e+02
6.207574341893196106e+04 4.616717185794548755e+02
6.213315619802474976e+04 4.616717185794548755e+02
6.215164036273956299e+04 4.616717185794548755e+02
6.216959796524047852e+04 4.616717185794548755e+02
6.218823619580268860e+04 4.616717185794548755e+02
6.223500446176528931e+04 4.616717185794548755e+02
6.229044688224792480e+04 4.616717185794548755e+02
6.233952650833129883e+04 4.616867715847565705e+02
6.235856908488273621e+04 4.616867715847565705e+02
6.237568940067291260e+04 4.616867715847565705e+02
6.239400359487533569e+04 4.616867715847565705e+02
6.244641606187820435e+04 4.616867715847565705e+02
6.255627681326866150e+04 4.616867715847565705e+02
6.261091138386726379e+04 4.616867715847565705e+02
6.262974077248573303e+04 4.616867715847565705e+02
6.264784685945510864e+04 4.616867715847565705e+02
6.266645855641365051e+04 4.616867715847565705e+02
6.271834986877441406e+04 4.616867715847565705e+02
6.277317430615425110e+04 4.616867715847565705e+02
6.281422196197509766e+04 4.616867715847565705e+02
6.283302509617805481e+04 4.616867715847565705e+02
6.285095294976234436e+04 4.616867715847565705e+02
6.286943435740470886e+04 4.616867715847565705e+02
6.292415527915954590e+04 4.616867715847565705e+02
6.297273191475868225e+04 4.616867715847565705e+02
6.302812685203552246e+04 4.616867715847565705e+02
6.304718579483032227e+04 4.616867715847565705e+02
6.306535111355781555e+04 4.616867715847565705e+02
6.308422641873359680e+04 4.616867715847565705e+02
6.313551113581657410e+04 4.616867715847565705e+02
6.318961996769905090e+04 4.616867715847565705e+02
6.323731336307525635e+04 4.616867715847565705e+02
6.325573393607139587e+04 4.616867715847565705e+02
6.327416601514816284e+04 4.616867715847565705e+02
6.329276980352401733e+04 4.616867715847565705e+02
6.334880136728286743e+04 4.616867715847565705e+02
6.338981625461578369e+04 4.616867715847565705e+02
6.345290548253059387e+04 4.616867715847565705e+02
6.347159039187431335e+04 4.616867715847565705e+02
6.349055794167518616e+04 4.616867715847565705e+02
6.350910346388816833e+04 4.616867715847565705e+02
6.356682038497924805e+04 4.616867715847565705e+02
6.362153424477577209e+04 4.616867715847565705e+02
6.366794160223007202e+04 4.616867715847565705e+02
6.368585029554367065e+04 4.616867715847565705e+02
6.370456352663040161e+04 4.616867715847565705e+02
6.372225519084930420e+04 4.616867715847565705e+02
6.377803532123565674e+04 4.616867715847565705e+02
6.381923619389533997e+04 4.616867715847565705e+02
6.387572346425056458e+04 4.616867715847565705e+02
6.389399214196205139e+04 4.616867715847565705e+02
6.391214150810241699e+04 4.616867715847565705e+02
6.393060336542129517e+04 4.616867715847565705e+02
6.397821894788742065e+04 4.616867715847565705e+02
6.402918473386764526e+04 4.616867715847565705e+02
6.407655034923553467e+04 4.616867715847565705e+02
6.409492877554893494e+04 4.616867715847565705e+02
6.411317488980293274e+04 4.616867715847565705e+02
6.413167952513694763e+04 4.616867715847565705e+02
6.418808801984786987e+04 4.616867715847565705e+02
6.424172731637954712e+04 4.616867715847565705e+02
6.430422566938400269e+04 4.616867715847565705e+02
6.432244511008262634e+04 4.616867715847565705e+02
6.434121784210205078e+04 4.616867715847565705e+02
6.435969399356842041e+04 4.616867715847565705e+02
6.441660324382781982e+04 4.616867715847565705e+02
6.447016545033454895e+04 4.616867715847565705e+02
6.452495978164672852e+04 4.616867715847565705e+02
6.454303437304496765e+04 4.616867715847565705e+02
6.456219944429397583e+04 4.616867715847565705e+02
6.458024466061592102e+04 4.616867715847565705e+02
6.463604002547264099e+04 4.616867715847565705e+02
6.468371357536315918e+04 4.616867715847565705e+02
6.473861965823173523e+04 4.616867715847565705e+02
6.475696232509613037e+04 4.616867715847565705e+02
6.477487450456619263e+04 4.616867715847565705e+02
6.479285758161544800e+04 4.616867715847565705e+02
6.484019162654876709e+04 4.616867715847565705e+02
6.489524524545669556e+04 4.616867715847565705e+02
6.494976436567306519e+04 4.616867715847565705e+02
6.496790081524848938e+04 4.616867715847565705e+02
6.498645383310317993e+04 4.616867715847565705e+02
6.500454609131813049e+04 4.616867715847565705e+02
6.505873267149925232e+04 4.616867715847565705e+02
6.510540624523162842e+04 4.616867715847565705e+02
6.516052477502822876e+04 4.616867715847565705e+02
6.517883202695846558e+04 4.616867715847565705e+02
6.519760543942451477e+04 4.616867715847565705e+02
6.521543005633354187e+04 4.616867715847565705e+02
6.526229903483390808e+04 4.616867715847565705e+02
6.531681407999992371e+04 4.616867715847565705e+02
6.536502206873893738e+04 4.616867715847565705e+02
6.538280061650276184e+04 4.616867715847565705e+02
6.540092211937904358e+04 4.616867715847565705e+02
6.541926236701011658e+04 4.616867715847565705e+02
6.547518648433685303e+04 4.616867715847565705e+02
6.551490824460983276e+04 4.616867715847565705e+02
6.556819225072860718e+04 4.616867715847565705e+02
6.558549312043190002e+04 4.616867715847565705e+02
6.560421715736389160e+04 4.616867715847565705e+02
6.562206626176834106e+04 4.616867715847565705e+02
6.566915905690193176e+04 4.616867715847565705e+02
6.572449772405624390e+04 4.616954463089858223e+02
6.576409668397903442e+04 4.616954463089858223e+02
6.578277806782722473e+04 4.616954463089858223e+02
6.580108442473411560e+04 4.616954463089858223e+02
6.581916315054893494e+04 4.616954463089858223e+02
6.587562627768516541e+04 4.616954463089858223e+02
6.600515988302230835e+04 4.616954463089858223e+02
6.606079623651504517e+04 4.616954463089858223e+02
6.607946280622482300e+04 4.616954463089858223e+02
6.609819456005096436e+04 4.616954463089858223e+02
6.611633305215835571e+04 4.616954463089858223e+02
6.616561340641975403e+04 4.616954463089858223e+02
6.622086491322517395e+04 4.616954463089858223e+02
6.626217541742324829e+04 4.616954463089858223e+02
6.628060894203186035e+04 4.616954463089858223e+02
6.629858240604400635e+04 4.616954463089858223e+02
6.631685083556175232e+04 4.616954463089858223e+02
6.637394455742835999e+04 4.616954463089858223e+02
6.642843301320075989e+04 4.616954463089858223e+02
6.648247204208374023e+04 4.616954463089858223e+02
6.650030677819252014e+04 4.616954463089858223e+02
6.651849180197715759e+04 4.616954463089858223e+02
6.653599801111221313e+04 4.616954463089858223e+02
6.659014012861251831e+04 4.616954463089858223e+02
6.670240833687782288e+04 4.616954463089858223e+02
6.675005151891708374e+04 4.616954463089858223e+02
6.676829095625877380e+04 4.616954463089858223e+02
6.678661292815208435e+04 4.616954463089858223e+02
6.680442369055747986e+04 4.616954463089858223e+02
6.686114843654632568e+04 4.616954463089858223e+02
6.690876112127304077e+04 4.616954463089858223e+02
6.696492009878158569e+04 4.616954463089858223e+02
6.698261038112640381e+04 4.616954463089858223e+02
6.700088668799400330e+04 4.616954463089858223e+02
6.701930896544456482e+04 4.616954463089858223e+02
6.706182231450080872e+04 4.616954463089858223e+02
6.711610096406936646e+04 4.616954463089858223e+02
6.715866965436935425e+04 4.616954463089858223e+02
6.717723323535919189e+04 4.616954463089858223e+02
6.719553347158432007e+04 4.616954463089858223e+02
6.721388732933998108e+04 4.616954463089858223e+02
6.726920088005065918e+04 4.616954463089858223e+02
6.731571756172180176e+04 4.616954463089858223e+02
6.737160452580451965e+04 4.616954463089858223e+02
6.738984002447128296e+04 4.616954463089858223e+02
6.740878829765319824e+04 4.616954463089858223e+02
6.742785603380203247e+04 4.616954463089858223e+02
6.748491865825653076e+04 4.616954463089858223e+02
6.773567991971969604e+04 4.616954463089858223e+02
6.779175915408134460e+04 4.616954463089858223e+02
6.781050504589080811e+04 4.616954463089858223e+02
6.782880388140678406e+04 4.616954463089858223e+02
6.784727091598510742e+04 4.616954463089858223e+02
6.790302819108963013e+04 4.616954463089858223e+02
6.794206989598274231e+04 4.616954463089858223e+02
6.799754622912406921e+04 4.616954463089858223e+02
6.801623327779769897e+04 4.616954463089858223e+02
6.803431634330749512e+04 4.616954463089858223e+02
6.805260456347465515e+04 4.616954463089858223e+02
6.810045784473419189e+04 4.616954463089858223e+02
6.815274164295196533e+04 4.616954463089858223e+02
6.825948653888702393e+04 4.616954463089858223e+02
6.827793747711181641e+04 4.616954463089858223e+02
6.829606499910354614e+04 4.616954463089858223e+02
6.831425106668472290e+04 4.616954463089858223e+02
6.836977192044258118e+04 4.616954463089858223e+02
6.840902310538291931e+04 4.616954463089858223e+02
6.847132830786705017e+04 4.616954463089858223e+02
6.848999063515663147e+04 4.616954463089858223e+02
6.850829107618331909e+04 4.616954463089858223e+02
6.852609509658813477e+04 4.616954463089858223e+02
6.857285314679145813e+04 4.616954463089858223e+02
6.862595502567291260e+04 4.616954463089858223e+02
6.870883870005607605e+04 4.616954463089858223e+02
6.872683117485046387e+04 4.616954463089858223e+02
6.874550941014289856e+04 4.616954463089858223e+02
6.876313959670066833e+04 4.616954463089858223e+02
6.881866415715217590e+04 4.616954463089858223e+02
6.887270963048934937e+04 4.616979117874471399e+02
6.892593948769569397e+04 4.616979117874471399e+02
6.894462579226493835e+04 4.616979117874471399e+02
6.896284001064300537e+04 4.616979117874471399e+02
6.898096377182006836e+04 4.616979117874471399e+02
6.902879313850402832e+04 4.616979117874471399e+02
6.908259512877464294e+04 4.616979117874471399e+02
6.913207531023025513e+04 4.616979117874471399e+02
6.914956153869628906e+04 4.616979117874471399e+02
6.916747330379486084e+04 4.616979117874471399e+02
6.918601952791213989e+04 4.616979117874471399e+02
6.923949937915802002e+04 4.616979117874471399e+02
6.928801097536087036e+04 4.616979117874471399e+02
6.933461385059356689e+04 4.616979117874471399e+02
6.935246500015258789e+04 4.616979117874471399e+02
6.937042323541641235e+04 4.616979117874471399e+02
6.938854748368263245e+04 4.616979117874471399e+02
6.943057316970825195e+04 4.616979117874471399e+02
6.948344040894508362e+04 4.616979117874471399e+02
6.953531700086593628e+04 4.616979117874471399e+02
6.955335462832450867e+04 4.616979117874471399e+02
6.957155883383750916e+04 4.616979117874471399e+02
6.959029664611816406e+04 4.616979117874471399e+02
6.964595047783851624e+04 4.616979117874471399e+02
6.970383525347709656e+04 4.616979117874471399e+02
6.988900234580039978e+04 4.616979117874471399e+02
6.990682184243202209e+04 4.616979117874471399e+02
6.992476732063293457e+04 4.616979117874471399e+02
6.994245682597160339e+04 4.616979117874471399e+02
6.999936196613311768e+04 4.616979117874471399e+02
7.008896835374832153e+04 4.616979117874471399e+02
7.018524652934074402e+04 4.616979117874471399e+02
7.020364001107215881e+04 4.616979117874471399e+02
7.022186865067481995e+04 4.616979117874471399e+02
7.024003001403808594e+04 4.616979117874471399e+02
7.029538962864875793e+04 4.616979117874471399e+02
7.035209592843055725e+04 4.616979117874471399e+02
7.040850560736656189e+04 4.616979117874471399e+02
7.042701370310783386e+04 4.616979117874471399e+02
7.044606668829917908e+04 4.616979117874471399e+02
7.046422349739074707e+04 4.616979117874471399e+02
7.051587271022796631e+04 4.616979117874471399e+02
7.057162117409706116e+04 4.616979117874471399e+02
7.061883084058761597e+04 4.616979117874471399e+02
7.063666023921966553e+04 4.616979117874471399e+02
7.065461041498184204e+04 4.616979117874471399e+02
7.067287786149978638e+04 4.616979117874471399e+02
7.072592041039466858e+04 4.616979117874471399e+02
7.077672529864311218e+04 4.616979117874471399e+02
7.082953715038299561e+04 4.616979117874471399e+02
7.084799849152565002e+04 4.616979117874471399e+02
7.086611129403114319e+04 4.616979117874471399e+02
7.088387686467170715e+04 4.616979117874471399e+02
7.093882694005966187e+04 4.616979117874471399e+02
7.099295214891433716e+04 4.616979117874471399e+02
7.103758184552192688e+04 4.616979117874471399e+02
7.105540248155593872e+04 4.616979117874471399e+02
7.107369433069229126e+04 4.616979117874471399e+02
7.109134968709945679e+04 4.616979117874471399e+02
7.114701453828811646e+04 4.616979117874471399e+02
7.118631247949600220e+04 4.616979117874471399e+02
7.123911104846000671e+04 4.616979117874471399e+02
7.125749692177772522e+04 4.616979117874471399e+02
7.127560835218429565e+04 4.616979117874471399e+02
7.129289113330841064e+04 4.616979117874471399e+02
7.134733260059356689e+04 4.616979117874471399e+02
7.140071744894981384e+04 4.616979117874471399e+02
7.144113783955574036e+04 4.616979117874471399e+02
7.145983837771415710e+04 4.616979117874471399e+02
7.147772995638847351e+04 4.616979117874471399e+02
7.149620151638984680e+04 4.616979117874471399e+02
7.155189320778846741e+04 4.616979117874471399e+02
7.164957279467582703e+04 4.616979117874471399e+02
7.191171928977966309e+04 4.616979117874471399e+02
7.193030874180793762e+04 4.616979117874471399e+02
7.194799338221549988e+04 4.616979117874471399e+02
7.196589526081085205e+04 4.616979117874471399e+02
7.200636390066146851e+04 4.616979117874471399e+02
7.206041989469528198e+04 4.616979117874471399e+02
7.211518526697158813e+04 4.616979117874471399e+02
7.213308976387977600e+04 4.616979117874471399e+02
7.215112434577941895e+04 4.616979117874471399e+02
7.216951546454429626e+04 4.616979117874471399e+02
7.222389051008224487e+04 4.616979117874471399e+02
7.227153862547874451e+04 4.616979117874471399e+02
7.232647587299346924e+04 4.616979117874471399e+02
7.234510873031616211e+04 4.616979117874471399e+02
7.236320177125930786e+04 4.616979117874471399e+02
7.238097615599632263e+04 4.616979117874471399e+02
7.242820522427558899e+04 4.616979117874471399e+02
7.248349294424057007e+04 4.616979117874471399e+02
7.254135249209403992e+04 4.616979117874471399e+02
7.255943757820129395e+04 4.616979117874471399e+02
7.257797392511367798e+04 4.616979117874471399e+02
7.259660107398033142e+04 4.616979117874471399e+02
7.265275131011009216e+04 4.616979117874471399e+02
7.270742237353324890e+04 4.616979117874471399e+02
7.276169675159454346e+04 4.616979117874471399e+02
7.277983604598045349e+04 4.616979117874471399e+02
7.279818666791915894e+04 4.616979117874471399e+02
7.281579934120178223e+04 4.616979117874471399e+02
7.286393956065177917e+04 4.616979117874471399e+02
7.291757071638107300e+04 4.616979117874471399e+02
7.296746627807617188e+04 4.616979117874471399e+02
7.298556375360488892e+04 4.616979117874471399e+02
7.300405343317985535e+04 4.616979117874471399e+02
7.302245111846923828e+04 4.616979117874471399e+02
7.307620025587081909e+04 4.616979117874471399e+02
7.311726636147499084e+04 4.616979117874471399e+02
7.317195155405998230e+04 4.616979117874471399e+02
7.319082601428031921e+04 4.616979117874471399e+02
7.320955369973182678e+04 4.616979117874471399e+02
7.322775889301300049e+04 4.616979117874471399e+02
7.327592106533050537e+04 4.616979117874471399e+02
7.332998155426979065e+04 4.616979117874471399e+02
7.337552991247177124e+04 4.616979117874471399e+02
7.339380770540237427e+04 4.616979117874471399e+02
7.341236818623542786e+04 4.616979117874471399e+02
7.343110421824455261e+04 4.616979117874471399e+02
7.348746155118942261e+04 4.616979117874471399e+02
7.354432152199745178e+04 4.616979117874471399e+02
7.359698730444908142e+04 4.616979117874471399e+02
7.361538163471221924e+04 4.616979117874471399e+02
7.363378713083267212e+04 4.616979117874471399e+02
7.365179617142677307e+04 4.616979117874471399e+02
7.370127087903022766e+04 4.616979117874471399e+02
7.375504515123367310e+04 4.616979117874471399e+02
7.380386041665077209e+04 4.616979117874471399e+02
7.382242043948173523e+04 4.616979117874471399e+02
7.384085678863525391e+04 4.616979117874471399e+02
7.385957550787925720e+04 4.616979117874471399e+02
7.391441047573089600e+04 4.616979117874471399e+02
7.396672587919235229e+04 4.616979117874471399e+02
7.402170471358299255e+04 4.616979117874471399e+02
7.404015434670448303e+04 4.616979117874471399e+02
7.405840598058700562e+04 4.616979117874471399e+02
7.407651954483985901e+04 4.616979117874471399e+02
7.413200695967674255e+04 4.616979117874471399e+02
7.418733590149879456e+04 4.616979117874471399e+02
7.423806121730804443e+04 4.616979117874471399e+02
7.425662413597106934e+04 4.616979117874471399e+02
7.427524538254737854e+04 4.616979117874471399e+02
7.429358692765235901e+04 4.616979117874471399e+02
7.434857144880294800e+04 4.616979117874471399e+02
7.439711466956138611e+04 4.616979117874471399e+02
7.445122250509262085e+04 4.616979117874471399e+02
7.446938232183456421e+04 4.616979117874471399e+02
7.448714048647880554e+04 4.616979117874471399e+02
7.450484789609909058e+04 4.616979117874471399e+02
7.455043481636047363e+04 4.616979117874471399e+02
7.460601804614067078e+04 4.616979117874471399e+02
7.464661379194259644e+04 4.616979117874471399e+02
7.466459637141227722e+04 4.616979117874471399e+02
7.468265137958526611e+04 4.616979117874471399e+02
7.470113877797126770e+04 4.616979117874471399e+02
7.475740740537643433e+04 4.616979117874471399e+02
7.481395245766639709e+04 4.616979117874471399e+02
7.486798429965972900e+04 4.616979117874471399e+02
7.488579511308670044e+04 4.616979117874471399e+02
7.490405345916748047e+04 4.616979117874471399e+02
7.492222606420516968e+04 4.616979117874471399e+02
7.496462665224075317e+04 4.616979117874471399e+02
7.501918611478805542e+04 4.616979117874471399e+02
7.507810108518600464e+04 4.616979117874471399e+02
7.509647095322608948e+04 4.616979117874471399e+02
7.511478541421890259e+04 4.616979117874471399e+02
7.513316038274765015e+04 4.616979117874471399e+02
7.518731181907653809e+04 4.616979117874471399e+02
7.535911008238792419e+04 4.616979117874471399e+02
7.541220629525184631e+04 4.616979117874471399e+02
7.542915326476097107e+04 4.616979117874471399e+02
7.544818317818641663e+04 4.616979117874471399e+02
7.546685443162918091e+04 4.616979117874471399e+02
7.551380000948905945e+04 4.616979117874471399e+02
7.556867612528800964e+04 4.616979117874471399e+02
7.561624773049354553e+04 4.616979117874471399e+02
7.563442997074127197e+04 4.616979117874471399e+02
7.565244804906845093e+04 4.616979117874471399e+02
7.567106445121765137e+04 4.616979117874471399e+02
7.572413711857795715e+04 4.616979117874471399e+02
7.577150273704528809e+04 4.616979117874471399e+02
7.582765838527679443e+04 4.616979117874471399e+02
7.584634484004974365e+04 4.616979117874471399e+02
7.586398812341690063e+04 4.616979117874471399e+02
7.588269670963287354e+04 4.616979117874471399e+02
7.593157486200332642e+04 4.616979117874471399e+02
7.598645342707633972e+04 4.616979117874471399e+02
7.603593632769584656e+04 4.616979117874471399e+02
7.605505161619186401e+04 4.616979117874471399e+02
7.607303711581230164e+04 4.616979117874471399e+02
7.609131206393241882e+04 4.616979117874471399e+02
7.614703176903724670e+04 4.616979117874471399e+02
7.619383189988136292e+04 4.616979117874471399e+02
7.624671342277526855e+04 4.616979117874471399e+02
7.626435015130043030e+04 4.616979117874471399e+02
7.628298261690139771e+04 4.616979117874471399e+02
7.630203257942199707e+04 4.616979117874471399e+02
7.635192253327369690e+04 4.616979117874471399e+02
7.640649566602706909e+04 4.616979117874471399e+02
7.644763214921951294e+04 4.616979117874471399e+02
7.646637638354301453e+04 4.616979117874471399e+02
7.648519939112663269e+04 4.616979117874471399e+02
7.650436170530319214e+04 4.616979117874471399e+02
7.656025360536575317e+04 4.616979117874471399e+02
7.660772160673141479e+04 4.616979117874471399e+02
7.666283557248115540e+04 4.616979117874471399e+02
7.668180896329879761e+04 4.616979117874471399e+02
7.670030743718147278e+04 4.616979117874471399e+02
7.671938857030868530e+04 4.616979117874471399e+02
7.675912774085998535e+04 4.616979117874471399e+02
7.681467677974700928e+04 4.616979117874471399e+02
7.685400695157051086e+04 4.616979117874471399e+02
7.687152044010162354e+04 4.616979117874471399e+02
7.688908443641662598e+04 4.616979117874471399e+02
7.690761262726783752e+04 4.616979117874471399e+02
7.696325109434127808e+04 4.616979117874471399e+02
7.700964757394790649e+04 4.616979117874471399e+02
7.706341306090354919e+04 4.616979117874471399e+02
7.708142219209671021e+04 4.616979117874471399e+02
7.709961673927307129e+04 4.616979117874471399e+02
7.711807973694801331e+04 4.616979117874471399e+02
7.715827424430847168e+04 4.616979117874471399e+02
7.721279230117797852e+04 4.616979117874471399e+02
7.726114201188087463e+04 4.616979117874471399e+02
7.727944950556755066e+04 4.616979117874471399e+02
7.729820316362380981e+04 4.616979117874471399e+02
7.731601043319702148e+04 4.616979117874471399e+02
7.737125113987922668e+04 4.616979117874471399e+02
7.743027396130561829e+04 4.616979117874471399e+02
7.748474868559837341e+04 4.616979117874471399e+02
7.750289754390716553e+04 4.616979117874471399e+02
7.752125117754936218e+04 4.616979117874471399e+02
7.753983648753166199e+04 4.616979117874471399e+02
7.758058789753913879e+04 4.616979117874471399e+02
7.762718128871917725e+04 4.616979117874471399e+02
7.766819717454910278e+04 4.616979117874471399e+02
7.768638111138343811e+04 4.616979117874471399e+02
7.770605030894279480e+04 4.616979117874471399e+02
7.772499710917472839e+04 4.616979117874471399e+02
7.778005505681037903e+04 4.616979117874471399e+02
7.783477846169471741e+04 4.616979117874471399e+02
7.789724028754234314e+04 4.616979117874471399e+02
7.791582591962814331e+04 4.616979117874471399e+02
7.793414153289794922e+04 4.616979117874471399e+02
7.795245188689231873e+04 4.616979117874471399e+02
7.800825108599662781e+04 4.616979117874471399e+02
7.806502268457412720e+04 4.616979117874471399e+02
7.810525556969642639e+04 4.616979117874471399e+02
7.812295454907417297e+04 4.616979117874471399e+02
7.814124840855598450e+04 4.616979117874471399e+02
7.815908378171920776e+04 4.616979117874471399e+02
7.821551654458045959e+04 4.616979117874471399e+02
7.826286965250968933e+04 4.616979117874471399e+02
7.844586283946037292e+04 4.616979117874471399e+02
7.846403609919548035e+04 4.616979117874471399e+02
7.848283177638053894e+04 4.616979117874471399e+02
7.850048409843444824e+04 4.616979117874471399e+02
7.854697489285469055e+04 4.616979117874471399e+02
7.859997728061676025e+04 4.616979117874471399e+02
7.865522263264656067e+04 4.616979117874471399e+02
7.867347474789619446e+04 4.616979117874471399e+02
7.869152235364913940e+04 4.616979117874471399e+02
7.870888872647285461e+04 4.616979117874471399e+02
7.876477080535888672e+04 4.616979117874471399e+02
7.881950152087211609e+04 4.617246256675151699e+02
7.887551792073249817e+04 4.617246256675151699e+02
7.889374276804924011e+04 4.617246256675151699e+02
7.891198582601547241e+04 4.617246256675151699e+02
7.893118753385543823e+04 4.617246256675151699e+02
7.898721666693687439e+04 4.617246256675151699e+02
7.904154729819297791e+04 4.617246256675151699e+02
7.909219183230400085e+04 4.617246256675151699e+02
