5.371935583802962988e+00 -9.173333333333333428e+01
3.555819683061191228e+00 -8.142499999999999716e+01
5.369687015410812059e+00 -9.152500000000000568e+01
4.458002937560278767e+00 -8.894166666666666288e+01
3.242541428298384432e+00 -8.001666666666666572e+01
3.094820380354800005e+00 -7.975000000000000000e+01
2.900913067737668882e+00 -7.405000000000001137e+01
4.051923916046106910e+00 -8.771666666666666856e+01
3.643650038217329357e+00 -8.767499999999999716e+01
2.869231719730976238e+00 -6.746666666666666856e+01
4.174931593528442342e+00 -8.834166666666666856e+01
4.768593707719944064e+00 -9.147499999999999432e+01
4.748808004958601892e+00 -9.108333333333334281e+01
2.930439594766700129e+00 -7.965000000000000568e+01
4.751902377325568416e+00 -9.109166666666666856e+01
4.564583220891481830e+00 -9.090833333333333144e+01
4.187379693239217104e+00 -8.834999999999999432e+01
4.532486842525011106e+00 -9.070833333333332860e+01
4.576064788225377100e+00 -9.094166666666666288e+01
