5.371935583802962988e+00 -9.173333333333333428e+01
3.555819683061191228e+00 -8.142499999999999716e+01
5.369687015410812059e+00 -9.152500000000000568e+01
3.242541428298384432e+00 -8.001666666666666572e+01
3.094820380354800005e+00 -7.975000000000000000e+01
4.051923916046106910e+00 -8.771666666666666856e+01
3.643650038217329357e+00 -8.767499999999999716e+01
2.869231719730976238e+00 -6.746666666666666856e+01
4.768593707719944064e+00 -9.147499999999999432e+01
2.930439594766700129e+00 -7.965000000000000568e+01
4.532486842525011106e+00 -9.070833333333332860e+01
4.682947914079004015e+00 -9.122499999999999432e+01
3.547774705387822358e+00 -8.031666666666666288e+01
4.547983805359075760e+00 -9.111666666666667425e+01
2.900913067737668882e+00 -7.701666666666666572e+01
4.156579435804573563e+00 -8.967500000000001137e+01
