5.371935583802962988e+00 -9.173333333333333428e+01
4.825776527965427221e+00 -9.011666666666667425e+01
3.555819683061191228e+00 -8.142499999999999716e+01
3.849542252005016874e+00 -8.328333333333333144e+01
4.680507746380140333e+00 -8.895833333333332860e+01
5.369687015410812059e+00 -9.152500000000000568e+01
4.458002937560278767e+00 -8.894166666666666288e+01
3.242541428298384432e+00 -8.001666666666666572e+01
5.050050913799034369e+00 -9.105833333333333712e+01
3.094820380354800005e+00 -7.975000000000000000e+01
4.856644318550216610e+00 -9.104166666666667140e+01
2.900913067737668882e+00 -7.405000000000001137e+01
2.930439594766700129e+00 -7.729166666666667140e+01
4.747404038684875260e+00 -8.950000000000000000e+01
4.051923916046106910e+00 -8.771666666666666856e+01
4.830505265872731435e+00 -9.078333333333333144e+01
