5.371935583802962988e+00 -9.173333333333333428e+01
3.555819683061191228e+00 -8.142499999999999716e+01
5.369687015410812059e+00 -9.152500000000000568e+01
3.643650038217329357e+00 -8.767499999999999716e+01
4.768593707719944064e+00 -9.147499999999999432e+01
2.930439594766700129e+00 -7.965000000000000568e+01
4.547983805359075760e+00 -9.111666666666667425e+01
2.900913067737668882e+00 -7.701666666666666572e+01
4.156579435804573563e+00 -8.967500000000001137e+01
4.497081762809480132e+00 -9.090833333333333144e+01
4.018492453401472986e+00 -8.897500000000000853e+01
3.088490470182396308e+00 -8.045000000000000284e+01
4.720812322002147177e+00 -9.130833333333333712e+01
2.869231719730976238e+00 -7.433333333333332860e+01
4.579886443657434469e+00 -9.124166666666666003e+01
