5.371935583802962988e+00 -9.173333333333333428e+01
3.555819683061191228e+00 -8.142499999999999716e+01
5.369687015410812059e+00 -9.152500000000000568e+01
3.643650038217329357e+00 -8.767499999999999716e+01
4.768593707719944064e+00 -9.147499999999999432e+01
2.930439594766700129e+00 -7.965000000000000568e+01
4.547983805359075760e+00 -9.111666666666667425e+01
4.156579435804573563e+00 -8.967500000000001137e+01
4.497081762809480132e+00 -9.090833333333333144e+01
4.018492453401472986e+00 -8.897500000000000853e+01
3.088490470182396308e+00 -8.045000000000000284e+01
4.579886443657434469e+00 -9.124166666666666003e+01
4.547762402253729519e+00 -9.100000000000000000e+01
3.673389578188305027e+00 -8.806666666666667709e+01
2.852479993636856559e+00 -7.799166666666667425e+01
2.834420703681532316e+00 -7.735833333333333428e+01
4.455073375921124068e+00 -9.003333333333333144e+01
4.595099223134871735e+00 -9.136666666666666003e+01
4.490786924184761553e+00 -9.042499999999999716e+01
