5.012719148019329829e+00 -9.071666666666666856e+01
5.371935583802962988e+00 -9.173333333333333428e+01
4.250761447979688690e+00 -8.215000000000000568e+01
4.799967411080735324e+00 -8.778333333333333144e+01
5.248522534491089964e+00 -9.096666666666666856e+01
4.825776527965427221e+00 -9.011666666666667425e+01
4.407628808876518534e+00 -8.510833333333333428e+01
4.371012416883839791e+00 -8.486666666666667425e+01
4.244623428432349854e+00 -8.073333333333333428e+01
4.713658516208356630e+00 -8.685833333333333428e+01
3.934447948948970097e+00 -7.958333333333332860e+01
3.555819683061191228e+00 -7.605833333333332291e+01
