6.968303203582763672e+00 2.248452986758959327e+01
1.013568711280822754e+01 6.944841135071601457e+01
1.027603149414062500e+01 7.900288048452563316e+01
1.068615436553955078e+01 8.349429759870963608e+01
1.189210510253906250e+01 8.349429759870963608e+01
1.225900816917419434e+01 1.277332992394885736e+02
2.016722083091735840e+01 1.277332992394885736e+02
2.349233818054199219e+01 1.277332992394885736e+02
2.361972069740295410e+01 1.277332992394885736e+02
4.376200366020202637e+01 1.277332992394885736e+02
4.584008288383483887e+01 1.277332992394885736e+02
6.584748888015747070e+01 1.277332992394885736e+02
7.362069129943847656e+01 1.277332992394885736e+02
7.716082286834716797e+01 1.277332992394885736e+02
7.780865144729614258e+01 1.277332992394885736e+02
7.818560910224914551e+01 1.277332992394885736e+02
9.727532839775085449e+01 1.551042290161605592e+02
1.209564993381500244e+02 1.602732419897975547e+02
1.267919497489929199e+02 1.602732419897975547e+02
1.302339212894439697e+02 1.602732419897975547e+02
1.371723933219909668e+02 1.602732419897975547e+02
1.599820799827575684e+02 1.602732419897975547e+02
2.326408586502075195e+02 1.602732419897975547e+02
2.519832525253295898e+02 1.602732419897975547e+02
2.521496841907501221e+02 1.602732419897975547e+02
2.547656207084655762e+02 1.602732419897975547e+02
2.549028177261352539e+02 1.602732419897975547e+02
2.553889951705932617e+02 1.605648075457875166e+02
2.792592701911926270e+02 1.605648075457875166e+02
2.811371524333953857e+02 1.605648075457875166e+02
2.813216850757598877e+02 1.605648075457875166e+02
2.847155387401580811e+02 1.605648075457875166e+02
2.848544900417327881e+02 1.605648075457875166e+02
3.104498422145843506e+02 1.665641503411149813e+02
3.108830809593200684e+02 1.665641503411149813e+02
3.352156589031219482e+02 1.665641503411149813e+02
3.411890902519226074e+02 1.665641503411149813e+02
3.442629046440124512e+02 1.665641503411149813e+02
3.444360368251800537e+02 1.665641503411149813e+02
3.448520944118499756e+02 1.665641503411149813e+02
3.468556158542633057e+02 1.667166173311823059e+02
3.475146245956420898e+02 1.667166173311823059e+02
3.523493397235870361e+02 1.667166173311823059e+02
3.534435226917266846e+02 1.667166173311823059e+02
3.536257486343383789e+02 1.667166173311823059e+02
3.541965196132659912e+02 1.667166173311823059e+02
3.561797237396240234e+02 1.677066759537011080e+02
3.573525040149688721e+02 1.694637012933135338e+02
3.575721650123596191e+02 1.694637012933135338e+02
3.617970962524414062e+02 1.694637012933135338e+02
3.634327371120452881e+02 1.694637012933135338e+02
3.638544604778289795e+02 1.694637012933135338e+02
3.645455906391143799e+02 1.694733974793093125e+02
3.649600369930267334e+02 1.696508609001311356e+02
3.738980231285095215e+02 1.696508609001311356e+02
3.761429834365844727e+02 1.696508609001311356e+02
3.776385207176208496e+02 1.696508609001311356e+02
3.786825649738311768e+02 1.696508609001311356e+02
3.790620958805084229e+02 1.696508609001311356e+02
3.798560299873352051e+02 1.696508609001311356e+02
3.806407816410064697e+02 1.696508609001311356e+02
3.812971079349517822e+02 1.696508609001311356e+02
3.828240640163421631e+02 1.696508609001311356e+02
3.872702577114105225e+02 1.707236706649382540e+02
3.892138581275939941e+02 1.711724105230078408e+02
3.934214527606964111e+02 1.711724105230078408e+02
3.941133728027343750e+02 1.711724105230078408e+02
3.963946428298950195e+02 1.711724105230078408e+02
3.979320762157440186e+02 1.714330318661994568e+02
3.990489969253540039e+02 1.714330318661994568e+02
4.032170693874359131e+02 1.714330318661994568e+02
4.038263487815856934e+02 1.714330318661994568e+02
4.045116670131683350e+02 1.748278334147591124e+02
4.065357406139373779e+02 1.748278334147591124e+02
4.080549590587615967e+02 1.748278334147591124e+02
4.091921513080596924e+02 1.762760563297985072e+02
4.103025171756744385e+02 1.762760563297985072e+02
4.146092216968536377e+02 1.762760563297985072e+02
4.151112110614776611e+02 1.762760563297985072e+02
4.165871117115020752e+02 1.762760563297985072e+02
4.172184166908264160e+02 1.762760563297985072e+02
4.193855257034301758e+02 1.866581613862023801e+02
4.239775726795196533e+02 1.866581613862023801e+02
4.258706827163696289e+02 1.876648530362800216e+02
4.265058429241180420e+02 1.876648530362800216e+02
4.287553133964538574e+02 1.876648530362800216e+02
4.294449295997619629e+02 1.876648530362800216e+02
4.314523499011993408e+02 1.876648530362800216e+02
4.337937338352203369e+02 1.887394974833242998e+02
4.359489579200744629e+02 1.887394974833242998e+02
4.366144249439239502e+02 1.887394974833242998e+02
4.380893845558166504e+02 1.887527516139305419e+02
4.390449485778808594e+02 1.887527516139305419e+02
4.409302875995635986e+02 1.887527516139305419e+02
4.427022719383239746e+02 1.887527516139305419e+02
4.438936266899108887e+02 1.887527516139305419e+02
4.460296103954315186e+02 1.887527516139305419e+02
4.470985846519470215e+02 1.887527516139305419e+02
4.492869029045104980e+02 1.887527516139305419e+02
4.511670506000518799e+02 1.887527516139305419e+02
4.533318288326263428e+02 1.887527516139305419e+02
4.568343274593353271e+02 1.887527516139305419e+02
4.575013551712036133e+02 1.887527516139305419e+02
4.602308173179626465e+02 1.887527516139305419e+02
4.620920507907867432e+02 1.887527516139305419e+02
4.665772738456726074e+02 1.888218994298640894e+02
4.679603250026702881e+02 1.888218994298640894e+02
4.722462184429168701e+02 1.910310356798439386e+02
4.729265761375427246e+02 1.910310356798439386e+02
4.741383707523345947e+02 1.910310356798439386e+02
4.746465351581573486e+02 1.910310356798439386e+02
4.778253498077392578e+02 1.910310356798439386e+02
4.850191147327423096e+02 1.910310356798439386e+02
4.858721163272857666e+02 1.910310356798439386e+02
4.863676178455352783e+02 1.910310356798439386e+02
4.878784253597259521e+02 1.910310356798439386e+02
4.886896615028381348e+02 1.910310356798439386e+02
4.933276729583740234e+02 1.910310356798439386e+02
5.007931323051452637e+02 1.910310356798439386e+02
5.052736201286315918e+02 1.910310356798439386e+02
5.059508817195892334e+02 1.910310356798439386e+02
5.066776366233825684e+02 1.910310356798439386e+02
5.098903784751892090e+02 1.910310356798439386e+02
5.122749440670013428e+02 1.910310356798439386e+02
5.131844451427459717e+02 1.910310356798439386e+02
5.158753809928894043e+02 1.910310356798439386e+02
5.163643600940704346e+02 1.910310356798439386e+02
5.175563647747039795e+02 1.910310356798439386e+02
5.202057163715362549e+02 1.910310356798439386e+02
5.248373312950134277e+02 1.910310356798439386e+02
5.268792471885681152e+02 1.910310356798439386e+02
5.279517452716827393e+02 1.910310356798439386e+02
5.285240261554718018e+02 1.910310356798439386e+02
5.292962727546691895e+02 1.910310356798439386e+02
5.309454445838928223e+02 1.910310356798439386e+02
5.333731515407562256e+02 1.910310356798439386e+02
5.421412732601165771e+02 1.947426198617094144e+02
5.445801219940185547e+02 1.947426198617094144e+02
5.453412966728210449e+02 1.947426198617094144e+02
5.462308180332183838e+02 1.947426198617094144e+02
5.483665671348571777e+02 1.947426198617094144e+02
5.573600611686706543e+02 1.947426198617094144e+02
5.593818902969360352e+02 1.947426198617094144e+02
5.681905639171600342e+02 1.947426198617094144e+02
5.688626987934112549e+02 1.947426198617094144e+02
5.703142476081848145e+02 1.947426198617094144e+02
5.709963743686676025e+02 1.947426198617094144e+02
5.757485923767089844e+02 1.947426198617094144e+02
5.846058104038238525e+02 2.039541216507190882e+02
5.864446086883544922e+02 2.039541216507190882e+02
5.874526822566986084e+02 2.039541216507190882e+02
5.882310140132904053e+02 2.039541216507190882e+02
5.896905002593994141e+02 2.039541216507190882e+02
5.967706305980682373e+02 2.039541216507190882e+02
5.993436446189880371e+02 2.039541216507190882e+02
6.015150604248046875e+02 2.039541216507190882e+02
6.024186949729919434e+02 2.039541216507190882e+02
6.037481374740600586e+02 2.039541216507190882e+02
6.069070773124694824e+02 2.039541216507190882e+02
6.082539083957672119e+02 2.039541216507190882e+02
6.170511751174926758e+02 2.039541216507190882e+02
6.194304003715515137e+02 2.039541216507190882e+02
6.228130481243133545e+02 2.039541216507190882e+02
6.274731016159057617e+02 2.039541216507190882e+02
6.301956615447998047e+02 2.039541216507190882e+02
6.335873198509216309e+02 2.039541216507190882e+02
6.360219597816467285e+02 2.045661878685244801e+02
6.405512411594390869e+02 2.045661878685244801e+02
6.412323784828186035e+02 2.045661878685244801e+02
6.500460436344146729e+02 2.045661878685244801e+02
6.528818223476409912e+02 2.045661878685244801e+02
6.550036888122558594e+02 2.045661878685244801e+02
6.706672699451446533e+02 2.045661878685244801e+02
6.733459267616271973e+02 2.045661878685244801e+02
6.740289473533630371e+02 2.045661878685244801e+02
6.824083931446075439e+02 2.045661878685244801e+02
6.863792111873626709e+02 2.045661878685244801e+02
7.356766872406005859e+02 2.045661878685244801e+02
7.375202775001525879e+02 2.045661878685244801e+02
7.444957475662231445e+02 2.048217642361209414e+02
7.451188368797302246e+02 2.048217642361209414e+02
7.557261037826538086e+02 2.048217642361209414e+02
7.568168537616729736e+02 2.048217642361209414e+02
7.587084567546844482e+02 2.048217642361209414e+02
7.678230640888214111e+02 2.048217642361209414e+02
7.696823122501373291e+02 2.048217642361209414e+02
7.957844862937927246e+02 2.048217642361209414e+02
7.997635014057159424e+02 2.048217642361209414e+02
8.006635487079620361e+02 2.048217642361209414e+02
8.099637694358825684e+02 2.048217642361209414e+02
8.253654952049255371e+02 2.048217642361209414e+02
8.278818259239196777e+02 2.048217642361209414e+02
8.284658672809600830e+02 2.048217642361209414e+02
8.328733034133911133e+02 2.048217642361209414e+02
8.333049192428588867e+02 2.048217642361209414e+02
8.356483428478240967e+02 2.048217642361209414e+02
8.445697100162506104e+02 2.048217642361209414e+02
8.469308483600616455e+02 2.048217642361209414e+02
8.477861330509185791e+02 2.048217642361209414e+02
8.564213042259216309e+02 2.048217642361209414e+02
8.591019313335418701e+02 2.048217642361209414e+02
8.989139339923858643e+02 2.048217642361209414e+02
9.014684636592864990e+02 2.048217642361209414e+02
9.036693508625030518e+02 2.048217642361209414e+02
9.043465349674224854e+02 2.048217642361209414e+02
9.128464593887329102e+02 2.048217642361209414e+02
9.160658645629882812e+02 2.048217642361209414e+02
9.189287185668945312e+02 2.048217642361209414e+02
9.213224608898162842e+02 2.048217642361209414e+02
9.232626328468322754e+02 2.048217642361209414e+02
9.243599388599395752e+02 2.048217642361209414e+02
9.329059853553771973e+02 2.048217642361209414e+02
9.339966928958892822e+02 2.048217642361209414e+02
9.451355197429656982e+02 2.048217642361209414e+02
9.605118463039398193e+02 2.048217642361209414e+02
9.650306618213653564e+02 2.048217642361209414e+02
9.654614808559417725e+02 2.048217642361209414e+02
9.736928498744964600e+02 2.048217642361209414e+02
9.769905977249145508e+02 2.048217642361209414e+02
9.796323404312133789e+02 2.048217642361209414e+02
9.887039701938629150e+02 2.048217642361209414e+02
9.913884682655334473e+02 2.048217642361209414e+02
9.920462603569030762e+02 2.048217642361209414e+02
1.002484469413757324e+03 2.048217642361209414e+02
1.005376333713531494e+03 2.048217642361209414e+02
1.006671596527099609e+03 2.053537773128445281e+02
1.008820665836334229e+03 2.053537773128445281e+02
1.025094637632369995e+03 2.053537773128445281e+02
1.025768305301666260e+03 2.053537773128445281e+02
1.034335822820663452e+03 2.053537773128445281e+02
1.034750864267349243e+03 2.053537773128445281e+02
1.075031925439834595e+03 2.053537773128445281e+02
1.077267032384872437e+03 2.053537773128445281e+02
1.079158827304840088e+03 2.053537773128445281e+02
1.080010231018066406e+03 2.053537773128445281e+02
1.080761128187179565e+03 2.053537773128445281e+02
1.081082266569137573e+03 2.053537773128445281e+02
1.088498508930206299e+03 2.053537773128445281e+02
1.090904774665832520e+03 2.053537773128445281e+02
1.093592062473297119e+03 2.053537773128445281e+02
1.124548100471496582e+03 2.053537773128445281e+02
1.132101765394210815e+03 2.053537773128445281e+02
1.132876444578170776e+03 2.053537773128445281e+02
1.146295237779617310e+03 2.053537773128445281e+02
1.155328428745269775e+03 2.053537773128445281e+02
1.159868053197860718e+03 2.053537773128445281e+02
1.193581750154495239e+03 2.053537773128445281e+02
1.202082238435745239e+03 2.053537773128445281e+02
1.205384482860565186e+03 2.053537773128445281e+02
1.218092780590057373e+03 2.053537773128445281e+02
1.220500555992126465e+03 2.053537773128445281e+02
1.222918983221054077e+03 2.053537773128445281e+02
1.223621517181396484e+03 2.053537773128445281e+02
1.230613196372985840e+03 2.053537773128445281e+02
1.231496791124343872e+03 2.053537773128445281e+02
1.242095889329910278e+03 2.053537773128445281e+02
1.249071673870086670e+03 2.053537773128445281e+02
1.251685613632202148e+03 2.055359895692903933e+02
1.252578473091125488e+03 2.055359895692903933e+02
1.261101592302322388e+03 2.055359895692903933e+02
1.287370930671691895e+03 2.055359895692903933e+02
1.292435907125473022e+03 2.055359895692903933e+02
1.294864525318145752e+03 2.055359895692903933e+02
1.303537250280380249e+03 2.055365286628164085e+02
1.304531959295272827e+03 2.055365286628164085e+02
1.305707304716110229e+03 2.055365286628164085e+02
1.309454585313796997e+03 2.055365286628164085e+02
1.311857228994369507e+03 2.055365286628164085e+02
1.320883595943450928e+03 2.055365286628164085e+02
1.323243761777877808e+03 2.055365286628164085e+02
1.324252890586853027e+03 2.055365286628164085e+02
1.324993751525878906e+03 2.055365286628164085e+02
1.358047465085983276e+03 2.055365286628164085e+02
1.365193719387054443e+03 2.055365286628164085e+02
1.367845201015472412e+03 2.055365286628164085e+02
1.384166961669921875e+03 2.055365286628164085e+02
1.385643738985061646e+03 2.055365286628164085e+02
1.386633935451507568e+03 2.055365286628164085e+02
1.387413320541381836e+03 2.055365286628164085e+02
1.407209260463714600e+03 2.055365286628164085e+02
1.416304456233978271e+03 2.055365286628164085e+02
1.432325371742248535e+03 2.055365286628164085e+02
1.432918349981307983e+03 2.055365286628164085e+02
1.441582154035568237e+03 2.055365286628164085e+02
1.443049031019210815e+03 2.055365286628164085e+02
1.451895992517471313e+03 2.055365286628164085e+02
1.454556638956069946e+03 2.055365286628164085e+02
1.461978486537933350e+03 2.055365286628164085e+02
1.462966878890991211e+03 2.055365286628164085e+02
1.470883954286575317e+03 2.055365286628164085e+02
1.497066509485244751e+03 2.055365286628164085e+02
1.499441327333450317e+03 2.055365286628164085e+02
1.501241048812866211e+03 2.055365286628164085e+02
1.503027228116989136e+03 2.055365286628164085e+02
1.503823673725128174e+03 2.055365286628164085e+02
1.504182799339294434e+03 2.055365286628164085e+02
1.530077772617340088e+03 2.055365286628164085e+02
1.535346879482269287e+03 2.055365286628164085e+02
1.537733139276504517e+03 2.055365286628164085e+02
1.542077955484390259e+03 2.055365286628164085e+02
1.543341104507446289e+03 2.055365286628164085e+02
1.549362739324569702e+03 2.055365286628164085e+02
1.564412563323974609e+03 2.055365286628164085e+02
1.566747019767761230e+03 2.055365286628164085e+02
1.575514280080795288e+03 2.055365286628164085e+02
1.577917682647705078e+03 2.055365286628164085e+02
1.578936007976531982e+03 2.055365286628164085e+02
1.580380673646926880e+03 2.055365286628164085e+02
1.606542713403701782e+03 2.055365286628164085e+02
1.626684426546096802e+03 2.055365286628164085e+02
1.642741741180419922e+03 2.055365286628164085e+02
1.651596723318099976e+03 2.055365286628164085e+02
1.652587947845458984e+03 2.055365286628164085e+02
1.653095392227172852e+03 2.055365286628164085e+02
1.664905919313430786e+03 2.055365286628164085e+02
1.667452565908432007e+03 2.055365286628164085e+02
1.674274288177490234e+03 2.055365286628164085e+02
1.678095222234725952e+03 2.055365286628164085e+02
1.679092187643051147e+03 2.055365286628164085e+02
1.679814874172210693e+03 2.055365286628164085e+02
1.706574878931045532e+03 2.055365286628164085e+02
1.715981158018112183e+03 2.055365286628164085e+02
1.731498945951461792e+03 2.055365286628164085e+02
1.733560963153839111e+03 2.055365286628164085e+02
1.733883630275726318e+03 2.055365286628164085e+02
1.742136048078536987e+03 2.055365286628164085e+02
1.762659138441085815e+03 2.055365286628164085e+02
1.767249355077743530e+03 2.055365286628164085e+02
1.769810745954513550e+03 2.055365286628164085e+02
1.772414916515350342e+03 2.055365286628164085e+02
1.773215806484222412e+03 2.055365286628164085e+02
1.779923587799072266e+03 2.055365286628164085e+02
1.806746733188629150e+03 2.055365286628164085e+02
1.815955327033996582e+03 2.055365286628164085e+02
1.820275130987167358e+03 2.055365286628164085e+02
1.829435149908065796e+03 2.055365286628164085e+02
1.830428281307220459e+03 2.055365286628164085e+02
1.838798616170883179e+03 2.055365286628164085e+02
1.864691355943679810e+03 2.055365286628164085e+02
1.865327822685241699e+03 2.055365286628164085e+02
1.867565780878067017e+03 2.055365286628164085e+02
1.872239955186843872e+03 2.055365286628164085e+02
1.873335563421249390e+03 2.055365286628164085e+02
1.878391271591186523e+03 2.055365286628164085e+02
1.878657590150833130e+03 2.055365286628164085e+02
1.886240288496017456e+03 2.055365286628164085e+02
1.888654831886291504e+03 2.055365286628164085e+02
1.891008670568466187e+03 2.055365286628164085e+02
1.892068226575851440e+03 2.055365286628164085e+02
1.900698960304260254e+03 2.055365286628164085e+02
1.926334144353866577e+03 2.055365286628164085e+02
1.928528796434402466e+03 2.055365286628164085e+02
1.937052298784255981e+03 2.055365286628164085e+02
1.952633203744888306e+03 2.055365286628164085e+02
1.953722877979278564e+03 2.055365286628164085e+02
1.959972199678421021e+03 2.055365286628164085e+02
1.985983896732330322e+03 2.055365286628164085e+02
1.995259995937347412e+03 2.055365286628164085e+02
1.998015633583068848e+03 2.055365286628164085e+02
2.002355486631393433e+03 2.057370440019953151e+02
2.003108172655105591e+03 2.057370440019953151e+02
2.006497321844100952e+03 2.057370440019953151e+02
2.007867329597473145e+03 2.057370440019953151e+02
2.010613506078720093e+03 2.057370440019953151e+02
2.013017878770828247e+03 2.057370440019953151e+02
2.015011448621749878e+03 2.057370440019953151e+02
2.015249835014343262e+03 2.057370440019953151e+02
2.015839664936065674e+03 2.057370440019953151e+02
2.042098970413208008e+03 2.057370440019953151e+02
2.046532233238220215e+03 2.057370440019953151e+02
2.048912163257598877e+03 2.057370440019953151e+02
2.053648045301437378e+03 2.057370440019953151e+02
2.054508618354797363e+03 2.057370440019953151e+02
2.060858015060424805e+03 2.057370440019953151e+02
2.087520677566528320e+03 2.057370440019953151e+02
2.090171788692474365e+03 2.057370440019953151e+02
2.099124230623245239e+03 2.057370440019953151e+02
2.104018660306930542e+03 2.057370440019953151e+02
2.104903682470321655e+03 2.057370440019953151e+02
2.112831233263015747e+03 2.057370440019953151e+02
2.114863486289978027e+03 2.057370440019953151e+02
2.119555581092834473e+03 2.057370440019953151e+02
2.122167896032333374e+03 2.057370440019953151e+02
2.126856518507003784e+03 2.057370440019953151e+02
2.127438353061676025e+03 2.057370440019953151e+02
2.135614171504974365e+03 2.057370440019953151e+02
2.136289402961730957e+03 2.057370440019953151e+02
2.156675867319107056e+03 2.057370440019953151e+02
2.161134442567825317e+03 2.057370440019953151e+02
2.163217180728912354e+03 2.057370440019953151e+02
2.169518576145172119e+03 2.057370440019953151e+02
2.178216291189193726e+03 2.057370440019953151e+02
2.179533175468444824e+03 2.057370440019953151e+02
2.185612588644027710e+03 2.057370440019953151e+02
2.188030205488204956e+03 2.057370440019953151e+02
2.192667778015136719e+03 2.057370440019953151e+02
2.193531577348709106e+03 2.057370440019953151e+02
2.193673086404800415e+03 2.057370440019953151e+02
2.218847990989685059e+03 2.057370440019953151e+02
2.222499830245971680e+03 2.057370440019953151e+02
2.228692638397216797e+03 2.057370440019953151e+02
2.231297655105590820e+03 2.057370440019953151e+02
2.237797619342803955e+03 2.057370440019953151e+02
2.246474960327148438e+03 2.057370440019953151e+02
2.252493812561035156e+03 2.057370440019953151e+02
2.257006681442260742e+03 2.061030390010755298e+02
2.260073715686798096e+03 2.061030390010755298e+02
2.261913378000259399e+03 2.061030390010755298e+02
2.262895434856414795e+03 2.061030390010755298e+02
2.269907488346099854e+03 2.061030390010755298e+02
2.270081595659255981e+03 2.061030390010755298e+02
2.274381306648254395e+03 2.061030390010755298e+02
2.286008898496627808e+03 2.061030390010755298e+02
2.288410761833190918e+03 2.061030390010755298e+02
2.289066400289535522e+03 2.061030390010755298e+02
2.289352555036544800e+03 2.061030390010755298e+02
2.292343704462051392e+03 2.061030390010755298e+02
2.298754230260848999e+03 2.061030390010755298e+02
2.300724426746368408e+03 2.061030390010755298e+02
2.304597669839859009e+03 2.061030390010755298e+02
2.305405312538146973e+03 2.061030390010755298e+02
2.313735036373138428e+03 2.061030390010755298e+02
2.315743929862976074e+03 2.061030390010755298e+02
2.335560724258422852e+03 2.061030390010755298e+02
2.347120028018951416e+03 2.061030390010755298e+02
2.349598926782608032e+03 2.061030390010755298e+02
2.350575087785720825e+03 2.061030390010755298e+02
2.357402550697326660e+03 2.061030390010755298e+02
2.358769498109817505e+03 2.061030390010755298e+02
2.398959035158157349e+03 2.061030390010755298e+02
2.401341520071029663e+03 2.061030390010755298e+02
2.404917512178421021e+03 2.061030390010755298e+02
2.405758436203002930e+03 2.061030390010755298e+02
2.414236157894134521e+03 2.061030390010755298e+02
2.415793056249618530e+03 2.061030390010755298e+02
2.418193238019943237e+03 2.061030390010755298e+02
2.426878586053848267e+03 2.061074649405042010e+02
2.428527299165725708e+03 2.061074649405042010e+02
2.429648173332214355e+03 2.061074649405042010e+02
2.437903362035751343e+03 2.061074649405042010e+02
2.444403923988342285e+03 2.061074649405042010e+02
2.450750754833221436e+03 2.061074649405042010e+02
2.453383244752883911e+03 2.061074649405042010e+02
2.457499560594558716e+03 2.061074649405042010e+02
2.464156512498855591e+03 2.061074649405042010e+02
2.464488627433776855e+03 2.061074649405042010e+02
2.490454898118972778e+03 2.061074649405042010e+02
2.493161217212677002e+03 2.061074649405042010e+02
2.497169115781784058e+03 2.061074649405042010e+02
2.499686842441558838e+03 2.061074649405042010e+02
2.499890006542205811e+03 2.061074649405042010e+02
2.525968004941940308e+03 2.061074649405042010e+02
2.527974086046218872e+03 2.061074649405042010e+02
2.537057475805282593e+03 2.061074649405042010e+02
2.539214277982711792e+03 2.061074649405042010e+02
2.541549128055572510e+03 2.061074649405042010e+02
2.541820341825485229e+03 2.061074649405042010e+02
2.550447178125381470e+03 2.061074649405042010e+02
2.551915166378021240e+03 2.061074649405042010e+02
2.554346926450729370e+03 2.061074649405042010e+02
2.558956077575683594e+03 2.061074649405042010e+02
2.561582993984222412e+03 2.061074649405042010e+02
2.561884075164794922e+03 2.061074649405042010e+02
2.568530894756317139e+03 2.061074649405042010e+02
2.595221586704254150e+03 2.061074649405042010e+02
2.614999022960662842e+03 2.061074649405042010e+02
2.626592216491699219e+03 2.061074649405042010e+02
2.641796706676483154e+03 2.061074649405042010e+02
2.642810129404067993e+03 2.061074649405042010e+02
2.648630492210388184e+03 2.061074649405042010e+02
2.673060024261474609e+03 2.061074649405042010e+02
2.675100726366043091e+03 2.061074649405042010e+02
2.680451132774353027e+03 2.061755175048210447e+02
2.686739318370819092e+03 2.062005459636190210e+02
2.687737832784652710e+03 2.062005459636190210e+02
2.696415794134140015e+03 2.062005459636190210e+02
2.722363872528076172e+03 2.062005459636190210e+02
2.727917406558990479e+03 2.062005459636190210e+02
2.739738912820816040e+03 2.062005459636190210e+02
2.745110189914703369e+03 2.062005459636190210e+02
2.746062589883804321e+03 2.062005459636190210e+02
2.747624314546585083e+03 2.062005459636190210e+02
2.773797086477279663e+03 2.062005459636190210e+02
2.774342239856719971e+03 2.062005459636190210e+02
2.778786416053771973e+03 2.062005459636190210e+02
2.785164448976516724e+03 2.062005459636190210e+02
2.793910980701446533e+03 2.062005459636190210e+02
2.802493587255477905e+03 2.062005459636190210e+02
2.827811965465545654e+03 2.062005459636190210e+02
2.833485652208328247e+03 2.062821643573695667e+02
2.845232685804367065e+03 2.062821643573695667e+02
2.849950844049453735e+03 2.062821643573695667e+02
2.851413668394088745e+03 2.062821643573695667e+02
2.857574426651000977e+03 2.062821643573695667e+02
2.883083712339401245e+03 2.062821643573695667e+02
2.894684901475906372e+03 2.062821643573695667e+02
2.899583247423171997e+03 2.062821643573695667e+02
2.915803235530853271e+03 2.062821643573695667e+02
2.916644403219223022e+03 2.062821643573695667e+02
2.924203606128692627e+03 2.062821643573695667e+02
2.932551513195037842e+03 2.062821643573695667e+02
2.936577460050582886e+03 2.062821643573695667e+02
2.948469688892364502e+03 2.062821643573695667e+02
2.952900272369384766e+03 2.062821643573695667e+02
2.953695403575897217e+03 2.062821643573695667e+02
2.955136857986450195e+03 2.062821643573695667e+02
2.957333132743835449e+03 2.062821643573695667e+02
2.957828782320022583e+03 2.062821643573695667e+02
2.963076971530914307e+03 2.062821643573695667e+02
2.969223179578781128e+03 2.062821643573695667e+02
2.970200995445251465e+03 2.062821643573695667e+02
2.978379360198974609e+03 2.062821643573695667e+02
3.004315543651580811e+03 2.062821643573695667e+02
3.009840901851654053e+03 2.062821643573695667e+02
3.022488362550735474e+03 2.062821643573695667e+02
3.033208035945892334e+03 2.062821643573695667e+02
3.034239891052246094e+03 2.062821643573695667e+02
3.040707596302032471e+03 2.062821643573695667e+02
3.042710956573486328e+03 2.062821643573695667e+02
3.049029024362564087e+03 2.062821643573695667e+02
3.053954880952835083e+03 2.062821643573695667e+02
3.059957704782485962e+03 2.062821643573695667e+02
3.060904775381088257e+03 2.062821643573695667e+02
3.069101611852645874e+03 2.062821643573695667e+02
3.094772706747055054e+03 2.062821643573695667e+02
3.121736744642257690e+03 2.063303564866118336e+02
3.131699139356613159e+03 2.063303564866118336e+02
3.136156470298767090e+03 2.063303564866118336e+02
3.137344391345977783e+03 2.063303564866118336e+02
3.145513934373855591e+03 2.063303564866118336e+02
3.147133044958114624e+03 2.063303564866118336e+02
3.151636597394943237e+03 2.063303564866118336e+02
3.157040362119674683e+03 2.063303564866118336e+02
3.168586874246597290e+03 2.063303564866118336e+02
3.169681701421737671e+03 2.063303564866118336e+02
3.171679185628890991e+03 2.063303564866118336e+02
3.197727495193481445e+03 2.063303564866118336e+02
3.215572398185729980e+03 2.063303564866118336e+02
3.219438997268676758e+03 2.063303564866118336e+02
3.225078261137008667e+03 2.063303564866118336e+02
3.225216781139373779e+03 2.063303564866118336e+02
3.232158795833587646e+03 2.063303564866118336e+02
3.233903852939605713e+03 2.063303564866118336e+02
3.244589521408081055e+03 2.063303564866118336e+02
3.249467519521713257e+03 2.063303564866118336e+02
3.255500743865966797e+03 2.063303564866118336e+02
3.256232969284057617e+03 2.063303564866118336e+02
3.256728613853454590e+03 2.063303564866118336e+02
3.283422399282455444e+03 2.063303564866118336e+02
3.288135807991027832e+03 2.063303564866118336e+02
3.299685652971267700e+03 2.063303564866118336e+02
3.304309520244598389e+03 2.067290698129448288e+02
3.304958055973052979e+03 2.067290698129448288e+02
3.313173349142074585e+03 2.067290698129448288e+02
3.313514678955078125e+03 2.067290698129448288e+02
3.315244751453399658e+03 2.067290698129448288e+02
3.320873438835144043e+03 2.067290698129448288e+02
3.329735624313354492e+03 2.067290698129448288e+02
3.330717080831527710e+03 2.067290698129448288e+02
3.338181902885437012e+03 2.067290698129448288e+02
3.365051872968673706e+03 2.067290698129448288e+02
3.369336179494857788e+03 2.067290698129448288e+02
3.381150865554809570e+03 2.067290698129448288e+02
3.396251451730728149e+03 2.067290698129448288e+02
3.397057134389877319e+03 2.067290698129448288e+02
3.404461757898330688e+03 2.067290698129448288e+02
3.430703277111053467e+03 2.067290698129448288e+02
3.469618494510650635e+03 2.067290698129448288e+02
3.485796570062637329e+03 2.067290698129448288e+02
3.494228001117706299e+03 2.067290698129448288e+02
3.494379894256591797e+03 2.067290698129448288e+02
3.494874431610107422e+03 2.067290698129448288e+02
3.520941888809204102e+03 2.067290698129448288e+02
3.526414237976074219e+03 2.067290698129448288e+02
3.532405559539794922e+03 2.067290698129448288e+02
3.548571810483932495e+03 2.067290698129448288e+02
3.549300807237625122e+03 2.067290698129448288e+02
3.556952620029449463e+03 2.067290698129448288e+02
3.583154295921325684e+03 2.067290698129448288e+02
3.664436631917953491e+03 2.067290698129448288e+02
3.669879778146743774e+03 2.067290698129448288e+02
3.674425931692123413e+03 2.067290698129448288e+02
3.675233698606491089e+03 2.067290698129448288e+02
3.683641741991043091e+03 2.067290698129448288e+02
3.710348825216293335e+03 2.067290698129448288e+02
3.716740302562713623e+03 2.067290698129448288e+02
3.728486347198486328e+03 2.067290698129448288e+02
3.737138847827911377e+03 2.067290698129448288e+02
3.738111690044403076e+03 2.067290698129448288e+02
3.746776689529418945e+03 2.067290698129448288e+02
3.748445215702056885e+03 2.067290698129448288e+02
3.760393008947372437e+03 2.067290698129448288e+02
3.766093616724014282e+03 2.067290698129448288e+02
3.775135573148727417e+03 2.067290698129448288e+02
3.776669322013854980e+03 2.067290698129448288e+02
3.784970618247985840e+03 2.067290698129448288e+02
3.793044015884399414e+03 2.067290698129448288e+02
3.799808450460433960e+03 2.067290698129448288e+02
3.808466944932937622e+03 2.067290698129448288e+02
3.813874922275543213e+03 2.067290698129448288e+02
3.815890476465225220e+03 2.067290698129448288e+02
3.824605105876922607e+03 2.067290698129448288e+02
3.826626386642456055e+03 2.067290698129448288e+02
3.827369331121444702e+03 2.067290698129448288e+02
3.833657706022262573e+03 2.067830297663499550e+02
3.845344531774520874e+03 2.067830297663499550e+02
3.846204344272613525e+03 2.067830297663499550e+02
3.854740819454193115e+03 2.067830297663499550e+02
3.855422523975372314e+03 2.067830297663499550e+02
3.855816105842590332e+03 2.067830297663499550e+02
3.865582199096679688e+03 2.068397067633488859e+02
3.872281483888626099e+03 2.068668710238096082e+02
3.873314511060714722e+03 2.068668710238096082e+02
3.880052312850952148e+03 2.068668710238096082e+02
3.881504064798355103e+03 2.068668710238096082e+02
3.886096926927566528e+03 2.068668710238096082e+02
3.891573450565338135e+03 2.068668710238096082e+02
3.897313331604003906e+03 2.068678923944470114e+02
3.897953427553176880e+03 2.068678923944470114e+02
3.904650224924087524e+03 2.068678923944470114e+02
3.906131156921386719e+03 2.068678923944470114e+02
3.907493041515350342e+03 2.068678923944470114e+02
3.917262538194656372e+03 2.068678923944470114e+02
3.926585370063781738e+03 2.068678923944470114e+02
3.927371505260467529e+03 2.068678923944470114e+02
3.933932888746261597e+03 2.068678923944470114e+02
3.960276314258575439e+03 2.068678923944470114e+02
3.969170902967453003e+03 2.068678923944470114e+02
3.980959014415740967e+03 2.068678923944470114e+02
3.992751590490341187e+03 2.068678923944470114e+02
3.994223590373992920e+03 2.068678923944470114e+02
4.001169257164001465e+03 2.068678923944470114e+02
4.001661709070205688e+03 2.068678923944470114e+02
4.006037463188171387e+03 2.068678923944470114e+02
4.016090647459030151e+03 2.071343530303272473e+02
4.021819785356521606e+03 2.071343530303272473e+02
4.022783305168151855e+03 2.071343530303272473e+02
4.023278948783874512e+03 2.071343530303272473e+02
4.043387920141220093e+03 2.071343530303272473e+02
4.046866068840026855e+03 2.096299792488786977e+02
4.050399248838424683e+03 2.096465773629266494e+02
4.052831844568252563e+03 2.096465773629266494e+02
4.053799868106842041e+03 2.096465773629266494e+02
4.062078399181365967e+03 2.096465773629266494e+02
4.062627210140228271e+03 2.096465773629266494e+02
4.068740568161010742e+03 2.096465773629266494e+02
4.082241451263427734e+03 2.096465773629266494e+02
4.088748915195465088e+03 2.096465773629266494e+02
4.089449406623840332e+03 2.096465773629266494e+02
4.095291483640670776e+03 2.096465773629266494e+02
4.097075002908706665e+03 2.096465773629266494e+02
4.107197225332260132e+03 2.096465773629266494e+02
4.120342434644699097e+03 2.096465773629266494e+02
4.128699489116668701e+03 2.096465773629266494e+02
4.129509052038192749e+03 2.096465773629266494e+02
4.130281902790069580e+03 2.096465773629266494e+02
4.156645995378494263e+03 2.096465773629266494e+02
4.158645968914031982e+03 2.096465773629266494e+02
4.167968409299850464e+03 2.096465773629266494e+02
4.170639079570770264e+03 2.096465773629266494e+02
4.172210698127746582e+03 2.096465773629266494e+02
4.180784341335296631e+03 2.096465773629266494e+02
4.207468618869781494e+03 2.096465773629266494e+02
4.213497729539871216e+03 2.096465773629266494e+02
4.219775502443313599e+03 2.096465773629266494e+02
4.230519708395004272e+03 2.096465773629266494e+02
4.231675208091735840e+03 2.096465773629266494e+02
4.255897250175476074e+03 2.096465773629266494e+02
4.261128708839416504e+03 2.096465773629266494e+02
4.261622238159179688e+03 2.096465773629266494e+02
4.271709617137908936e+03 2.096465773629266494e+02
4.278137690305709839e+03 2.096465773629266494e+02
4.279625942945480347e+03 2.096465773629266494e+02
4.288006518363952637e+03 2.096465773629266494e+02
4.314349360704421997e+03 2.096465773629266494e+02
4.319108903884887695e+03 2.096465773629266494e+02
4.325457891941070557e+03 2.097033060152444932e+02
4.328953921794891357e+03 2.097267721010474304e+02
4.329812400341033936e+03 2.097267721010474304e+02
4.338212213039398193e+03 2.097267721010474304e+02
4.339389360666275024e+03 2.097267721010474304e+02
4.341134481668472290e+03 2.097267721010474304e+02
4.348623538970947266e+03 2.097267721010474304e+02
4.352461674928665161e+03 2.097350711580714062e+02
4.353834546327590942e+03 2.097350711580714062e+02
4.362219073534011841e+03 2.097350711580714062e+02
4.363749840736389160e+03 2.097350711580714062e+02
4.373760347843170166e+03 2.097350711580714062e+02
4.380124092578887939e+03 2.097350711580714062e+02
4.389904367923736572e+03 2.097350711580714062e+02
4.390980616569519043e+03 2.097350711580714062e+02
4.391553660869598389e+03 2.097350711580714062e+02
4.415996425151824951e+03 2.097350711580714062e+02
4.422323329210281372e+03 2.097350711580714062e+02
4.432272340059280396e+03 2.097350711580714062e+02
4.442305797338485718e+03 2.097350711580714062e+02
4.442884319067001343e+03 2.097350711580714062e+02
4.444895501136779785e+03 2.097350711580714062e+02
4.446989991903305054e+03 2.097350711580714062e+02
4.467216632604598999e+03 2.097350711580714062e+02
4.470010756254196167e+03 2.097350711580714062e+02
4.479236263751983643e+03 2.097350711580714062e+02
4.479422230720520020e+03 2.097350711580714062e+02
4.487243581771850586e+03 2.097350711580714062e+02
4.489937792301177979e+03 2.097350711580714062e+02
4.496282749176025391e+03 2.097350711580714062e+02
4.506334955215454102e+03 2.097350711580714062e+02
4.512473232269287109e+03 2.097350711580714062e+02
4.513548209667205811e+03 2.097350711580714062e+02
4.513914757251739502e+03 2.097350711580714062e+02
4.514537205696105957e+03 2.097350711580714062e+02
4.524684480428695679e+03 2.097350711580714062e+02
4.530927942752838135e+03 2.097350711580714062e+02
4.540959710597991943e+03 2.097350711580714062e+02
4.541170301198959351e+03 2.097350711580714062e+02
4.542402387857437134e+03 2.097350711580714062e+02
4.568014940500259399e+03 2.097350711580714062e+02
4.574385663747787476e+03 2.097350711580714062e+02
4.577862846851348877e+03 2.097350711580714062e+02
4.590775652647018433e+03 2.097350711580714062e+02
4.591772717714309692e+03 2.097350711580714062e+02
4.593807533502578735e+03 2.097350711580714062e+02
4.594488285779953003e+03 2.097350711580714062e+02
4.594925683975219727e+03 2.097350711580714062e+02
4.601364387750625610e+03 2.101856182090973277e+02
4.611519292354583740e+03 2.101856182090973277e+02
4.611677140712738037e+03 2.101856182090973277e+02
4.620358546733856201e+03 2.101856182090973277e+02
4.646566340446472168e+03 2.101856182090973277e+02
4.647004606723785400e+03 2.101856182090973277e+02
4.657027710676193237e+03 2.101856182090973277e+02
4.660802833080291748e+03 2.101856182090973277e+02
4.661623425483703613e+03 2.101856182090973277e+02
4.663649238586425781e+03 2.101856182090973277e+02
4.690183292865753174e+03 2.101856182090973277e+02
4.699041793584823608e+03 2.101856182090973277e+02
4.705678781986236572e+03 2.101856182090973277e+02
4.719068292617797852e+03 2.101856182090973277e+02
4.719881752490997314e+03 2.101856182090973277e+02
4.720129438161849976e+03 2.101856182090973277e+02
4.744440877676010132e+03 2.101856182090973277e+02
4.750976455688476562e+03 2.101856182090973277e+02
4.758451982736587524e+03 2.101856182090973277e+02
4.762038002967834473e+03 2.101856182090973277e+02
4.764077854633331299e+03 2.101856182090973277e+02
4.765372702836990356e+03 2.101856182090973277e+02
4.790782963275909424e+03 2.101856182090973277e+02
4.801269673824310303e+03 2.101856182090973277e+02
4.807005227565765381e+03 2.101856182090973277e+02
4.816874032497406006e+03 2.101856182090973277e+02
4.817880584478378296e+03 2.101856182090973277e+02
4.820016048669815063e+03 2.101856182090973277e+02
4.846296358346939087e+03 2.101856182090973277e+02
4.846906730651855469e+03 2.101856182090973277e+02
4.856820566892623901e+03 2.101856182090973277e+02
4.859446738004684448e+03 2.101856182090973277e+02
4.860467773437500000e+03 2.101856182090973277e+02
4.868709040880203247e+03 2.101856182090973277e+02
4.869505820035934448e+03 2.101856182090973277e+02
4.877412272691726685e+03 2.101856182090973277e+02
4.880109005451202393e+03 2.101856182090973277e+02
4.889633060932159424e+03 2.101856182090973277e+02
4.890400777101516724e+03 2.101856182090973277e+02
4.891973963022232056e+03 2.101856182090973277e+02
4.898364574432373047e+03 2.101856182090973277e+02
4.903787362813949585e+03 2.101856182090973277e+02
4.913602487802505493e+03 2.101856182090973277e+02
4.918946497678756714e+03 2.101856182090973277e+02
4.919922065496444702e+03 2.101856182090973277e+02
4.927635727405548096e+03 2.101856182090973277e+02
4.934000149011611938e+03 2.101856182090973277e+02
4.943310295820236206e+03 2.101856182090973277e+02
4.953541839838027954e+03 2.101856182090973277e+02
4.956135329246520996e+03 2.101856182090973277e+02
4.956985568284988403e+03 2.101856182090973277e+02
4.963651044368743896e+03 2.101856182090973277e+02
4.990339542865753174e+03 2.101856182090973277e+02
4.996743429899215698e+03 2.101856182090973277e+02
5.006991232633590698e+03 2.101856182090973277e+02
5.010567494869232178e+03 2.101856182090973277e+02
5.011696702957153320e+03 2.101856182090973277e+02
5.020457624197006226e+03 2.101856182090973277e+02
5.046558254241943359e+03 2.101856182090973277e+02
5.056452350139617920e+03 2.101856182090973277e+02
5.069982266426086426e+03 2.101856182090973277e+02
5.079635214090347290e+03 2.101856182090973277e+02
5.080507580041885376e+03 2.101856182090973277e+02
5.082419659376144409e+03 2.101856182090973277e+02
5.082588633060455322e+03 2.101856182090973277e+02
5.089038950681686401e+03 2.101856182090973277e+02
5.093447986602783203e+03 2.101856182090973277e+02
5.107149680852890015e+03 2.101856182090973277e+02
5.107514847755432129e+03 2.101856182090973277e+02
5.109003513813018799e+03 2.101856182090973277e+02
5.109191165447235107e+03 2.101856182090973277e+02
5.118682991027832031e+03 2.101856182090973277e+02
5.125160498142242432e+03 2.101856182090973277e+02
5.135010139465332031e+03 2.101856182090973277e+02
5.136023744344711304e+03 2.101856182090973277e+02
5.144618524789810181e+03 2.101856182090973277e+02
5.146036209583282471e+03 2.101856182090973277e+02
5.152687750101089478e+03 2.101856182090973277e+02
5.162377175807952881e+03 2.101856182090973277e+02
5.172507368803024292e+03 2.101856182090973277e+02
5.173364809989929199e+03 2.101856182090973277e+02
5.181988867044448853e+03 2.101856182090973277e+02
5.206849527120590210e+03 2.101856182090973277e+02
5.211202061891555786e+03 2.101856182090973277e+02
5.217754029035568237e+03 2.101856182090973277e+02
5.222377315759658813e+03 2.101856182090973277e+02
5.223500250577926636e+03 2.101856182090973277e+02
5.231281569242477417e+03 2.101856182090973277e+02
5.256620260953903198e+03 2.101856182090973277e+02
5.263215498447418213e+03 2.101856182090973277e+02
5.267351489067077637e+03 2.101856182090973277e+02
5.273749751329421997e+03 2.101856182090973277e+02
5.280415058612823486e+03 2.101856182090973277e+02
5.289085632562637329e+03 2.101856182090973277e+02
5.315852934598922729e+03 2.101856182090973277e+02
5.319953799009323120e+03 2.101856182090973277e+02
5.325670365571975708e+03 2.107831512267350718e+02
5.331622943162918091e+03 2.107831512267350718e+02
5.332610529899597168e+03 2.107831512267350718e+02
5.341140446186065674e+03 2.107831512267350718e+02
5.343221621274948120e+03 2.107831512267350718e+02
5.348520596981048584e+03 2.107831512267350718e+02
5.353275509834289551e+03 2.107831512267350718e+02
5.359645005464553833e+03 2.107831512267350718e+02
5.360529460906982422e+03 2.107831512267350718e+02
5.369323791742324829e+03 2.107831512267350718e+02
5.377311428785324097e+03 2.107831512267350718e+02
5.379190961360931396e+03 2.107831512267350718e+02
5.384227353096008301e+03 2.107831512267350718e+02
5.389052937984466553e+03 2.107831512267350718e+02
5.389939535617828369e+03 2.107831512267350718e+02
5.398453999757766724e+03 2.107831512267350718e+02
5.425236466646194458e+03 2.107831512267350718e+02
5.431726279258728027e+03 2.107831512267350718e+02
5.436254940986633301e+03 2.107831512267350718e+02
5.439269861936569214e+03 2.107831512267350718e+02
5.440971868753433228e+03 2.107831512267350718e+02
5.449483185529708862e+03 2.107831512267350718e+02
5.454752465248107910e+03 2.107831512267350718e+02
5.459327869892120361e+03 2.107831512267350718e+02
5.464142957210540771e+03 2.107831512267350718e+02
5.468663773059844971e+03 2.107831512267350718e+02
5.474804304122924805e+03 2.107831512267350718e+02
5.476013561248779297e+03 2.107831512267350718e+02
5.502727483987808228e+03 2.107831512267350718e+02
5.542833845138549805e+03 2.107831512267350718e+02
5.545646717548370361e+03 2.107831512267350718e+02
5.550541001796722412e+03 2.107831512267350718e+02
5.555741414546966553e+03 2.107831512267350718e+02
5.568529371261596680e+03 2.107831512267350718e+02
5.595032736063003540e+03 2.107831512267350718e+02
5.599679018020629883e+03 2.107831512267350718e+02
5.603267459869384766e+03 2.107831512267350718e+02
5.607116255998611450e+03 2.107831512267350718e+02
5.613666406869888306e+03 2.107831512267350718e+02
5.618649019002914429e+03 2.107831512267350718e+02
5.645405754566192627e+03 2.107831512267350718e+02
5.661574283599853516e+03 2.107831512267350718e+02
5.665621938467025757e+03 2.107831512267350718e+02
5.669414912462234497e+03 2.107831512267350718e+02
5.696044647932052612e+03 2.107831512267350718e+02
5.708684734821319580e+03 2.107831512267350718e+02
5.735399069070816040e+03 2.107831512267350718e+02
5.742515270948410034e+03 2.107831512267350718e+02
5.747361426591873169e+03 2.107831512267350718e+02
5.751253826379776001e+03 2.107831512267350718e+02
5.777744900465011597e+03 2.107831512267350718e+02
5.785960450887680054e+03 2.107831512267350718e+02
5.812406375646591187e+03 2.140001907482992465e+02
5.813276909351348877e+03 2.140001907482992465e+02
5.831861491918563843e+03 2.140001907482992465e+02
5.848245712995529175e+03 2.140001907482992465e+02
5.860894096851348877e+03 2.140001907482992465e+02
5.870453980445861816e+03 2.140001907482992465e+02
5.903665918111801147e+03 2.140001907482992465e+02
5.908384898424148560e+03 2.140001907482992465e+02
5.910420902252197266e+03 2.140001907482992465e+02
5.912112824916839600e+03 2.140001907482992465e+02
5.938084989309310913e+03 2.140001907482992465e+02
5.950124253273010254e+03 2.140001907482992465e+02
5.976601060628890991e+03 2.140001907482992465e+02
5.982667868852615356e+03 2.140001907482992465e+02
6.063104357004165649e+03 2.140001907482992465e+02
6.069450596094131470e+03 2.140001907482992465e+02
6.082357850551605225e+03 2.140001907482992465e+02
6.095245513916015625e+03 2.140001907482992465e+02
6.121671812534332275e+03 2.140276154336463890e+02
6.137302381515502930e+03 2.140276154336463890e+02
6.140767177343368530e+03 2.140276154336463890e+02
6.143650078535079956e+03 2.140276154336463890e+02
6.154519179582595825e+03 2.140276154336463890e+02
6.162946337461471558e+03 2.140276154336463890e+02
6.170132817745208740e+03 2.142947507706047077e+02
6.176625390768051147e+03 2.142947507706047077e+02
6.179637884140014648e+03 2.142947507706047077e+02
6.185787934541702271e+03 2.142947507706047077e+02
6.202169771909713745e+03 2.142947507706047077e+02
6.210802906274795532e+03 2.142947507706047077e+02
6.242787904262542725e+03 2.142947507706047077e+02
6.246945594072341919e+03 2.142947507706047077e+02
6.249944088935852051e+03 2.142947507706047077e+02
6.255858469963073730e+03 2.143231378556300797e+02
6.268798974514007568e+03 2.143231378556300797e+02
6.277415660858154297e+03 2.143231378556300797e+02
6.303605463981628418e+03 2.143231378556300797e+02
6.336881149291992188e+03 2.143231378556300797e+02
6.344865941047668457e+03 2.158213184892668437e+02
6.351183982610702515e+03 2.158213184892668437e+02
6.363755883693695068e+03 2.158213184892668437e+02
6.371783652782440186e+03 2.158213184892668437e+02
6.397906206369400024e+03 2.158213184892668437e+02
6.408239909887313843e+03 2.158213184892668437e+02
6.411602406978607178e+03 2.158213184892668437e+02
6.421670333385467529e+03 2.158213184892668437e+02
6.445231639862060547e+03 2.158327214524126703e+02
6.452879081249237061e+03 2.158327214524126703e+02
6.479173887252807617e+03 2.158327214524126703e+02
6.485497797966003418e+03 2.158327214524126703e+02
6.491245133638381958e+03 2.158327214524126703e+02
6.494365636348724365e+03 2.158327214524126703e+02
6.505241171598434448e+03 2.158327214524126703e+02
6.513540580987930298e+03 2.158327214524126703e+02
6.540120242595672607e+03 2.158327214524126703e+02
6.546692806005477905e+03 2.158327214524126703e+02
6.553134725332260132e+03 2.158327214524126703e+02
6.560775208473205566e+03 2.158327214524126703e+02
6.572942307472229004e+03 2.158327214524126703e+02
6.581123250722885132e+03 2.158327214524126703e+02
6.611005858182907104e+03 2.158327214524126703e+02
6.693054800033569336e+03 2.158327214524126703e+02
6.698694914579391479e+03 2.163353339532232837e+02
6.703693371772766113e+03 2.163353339532232837e+02
6.719100210666656494e+03 2.163353339532232837e+02
6.727024788379669189e+03 2.163353339532232837e+02
6.753524399518966675e+03 2.178179496491833902e+02
6.835082667350769043e+03 2.197513004262951313e+02
6.851272445440292358e+03 2.197513004262951313e+02
6.855900006532669067e+03 2.197513004262951313e+02
6.880714256286621094e+03 2.197513004262951313e+02
6.907304920196533203e+03 2.197513004262951313e+02
6.931478585243225098e+03 2.197513004262951313e+02
6.937532461643218994e+03 2.197513004262951313e+02
6.939549898147583008e+03 2.197513004262951313e+02
6.941177415370941162e+03 2.197513004262951313e+02
6.956579372644424438e+03 2.197513004262951313e+02
6.963191337347030640e+03 2.197513004262951313e+02
6.989462808847427368e+03 2.197513004262951313e+02
6.994815408468246460e+03 2.197513004262951313e+02
7.000289659738540649e+03 2.197513004262951313e+02
7.012977054119110107e+03 2.197513004262951313e+02
7.021632405281066895e+03 2.197513004262951313e+02
7.030294731140136719e+03 2.197513004262951313e+02
7.056598698377609253e+03 2.197513004262951313e+02
7.138157639265060425e+03 2.197513004262951313e+02
7.143999070167541504e+03 2.197513004262951313e+02
7.148861845016479492e+03 2.197513004262951313e+02
7.160897040128707886e+03 2.197513004262951313e+02
7.168301367521286011e+03 2.197513004262951313e+02
7.194009571552276611e+03 2.197513004262951313e+02
7.199464556932449341e+03 2.197513004262951313e+02
7.219025518178939819e+03 2.197513004262951313e+02
7.300365684509277344e+03 2.214562507271464824e+02
7.313350058794021606e+03 2.214562507271464824e+02
7.321201117038726807e+03 2.214562507271464824e+02
7.331627353906631470e+03 2.214562507271464824e+02
7.365546814441680908e+03 2.214562507271464824e+02
7.371501460313796997e+03 2.214562507271464824e+02
7.375901724576950073e+03 2.214562507271464824e+02
7.386648263692855835e+03 2.214562507271464824e+02
7.395212529420852661e+03 2.214562507271464824e+02
7.419498924255371094e+03 2.214562507271464824e+02
7.492222995758056641e+03 2.257437792541574879e+02
7.498282928705215454e+03 2.257437792541574879e+02
7.502998848676681519e+03 2.257437792541574879e+02
7.514584293127059937e+03 2.257437792541574879e+02
7.539986679553985596e+03 2.257437792541574879e+02
7.566272050142288208e+03 2.257437792541574879e+02
7.572459710836410522e+03 2.257437792541574879e+02
7.592439011096954346e+03 2.279721159097246641e+02
7.595352012395858765e+03 2.279721159097246641e+02
7.621575334548950195e+03 2.279721159097246641e+02
7.627556480884552002e+03 2.279721159097246641e+02
7.654011354923248291e+03 2.279721159097246641e+02
7.687508252620697021e+03 2.279721159097246641e+02
7.693135950565338135e+03 2.279721159097246641e+02
7.708816219568252563e+03 2.279721159097246641e+02
7.720522813081741333e+03 2.279721159097246641e+02
7.731257086277008057e+03 2.279721159097246641e+02
7.739278891801834106e+03 2.279721159097246641e+02
7.820915647029876709e+03 2.279721159097246641e+02
7.834529782056808472e+03 2.299684950576027802e+02
7.840554935216903687e+03 2.299684950576027802e+02
7.852249376535415649e+03 2.299684950576027802e+02
7.854513390541076660e+03 2.299684950576027802e+02
7.858963625669479370e+03 2.299771814293703187e+02
7.878913794755935669e+03 2.299771814293703187e+02
7.881485375642776489e+03 2.299771814293703187e+02
7.901330262899398804e+03 2.299771814293703187e+02
7.912656193017959595e+03 2.299771814293703187e+02
7.919177336215972900e+03 2.299771814293703187e+02
7.929650497674942017e+03 2.299771814293703187e+02
7.949561994314193726e+03 2.299771814293703187e+02
7.969558054447174072e+03 2.310863855198735450e+02
7.985565445661544800e+03 2.310863855198735450e+02
7.993175549983978271e+03 2.310863855198735450e+02
8.005421734333038330e+03 2.310863855198735450e+02
8.026154380321502686e+03 2.310863855198735450e+02
8.045620071887969971e+03 2.310863855198735450e+02
8.052207705497741699e+03 2.310863855198735450e+02
8.072078728437423706e+03 2.310863855198735450e+02
8.094809024572372437e+03 2.310863855198735450e+02
8.096904347181320190e+03 2.310863855198735450e+02
8.120467849731445312e+03 2.310863855198735450e+02
8.154194751977920532e+03 2.310863855198735450e+02
8.174263107061386108e+03 2.310863855198735450e+02
8.176706274271011353e+03 2.310863855198735450e+02
8.188020557880401611e+03 2.310863855198735450e+02
8.214505309820175171e+03 2.310863855198735450e+02
8.240960958480834961e+03 2.310863855198735450e+02
8.247070083856582642e+03 2.310863855198735450e+02
8.253392597913742065e+03 2.310863855198735450e+02
8.256015391111373901e+03 2.310863855198735450e+02
8.279383558511734009e+03 2.310863855198735450e+02
8.285882973432540894e+03 2.310863855198735450e+02
8.311399159193038940e+03 2.310863855198735450e+02
8.316975303649902344e+03 2.310863855198735450e+02
8.335921584129333496e+03 2.310863855198735450e+02
8.341170004367828369e+03 2.310863855198735450e+02
8.364273283720016479e+03 2.310863855198735450e+02
8.375063701868057251e+03 2.310863855198735450e+02
8.408170293569564819e+03 2.310863855198735450e+02
8.428147552013397217e+03 2.310863855198735450e+02
8.430922199010848999e+03 2.310863855198735450e+02
8.450866773605346680e+03 2.310863855198735450e+02
8.451696943044662476e+03 2.310863855198735450e+02
8.459142158746719360e+03 2.310863855198735450e+02
8.482638354778289795e+03 2.310863855198735450e+02
8.522622918605804443e+03 2.310863855198735450e+02
8.542645812511444092e+03 2.325824424238448955e+02
8.544513539791107178e+03 2.325824424238448955e+02
8.556740802526473999e+03 2.325824424238448955e+02
8.563072151660919189e+03 2.325824424238448955e+02
8.566519053697586060e+03 2.325824424238448955e+02
8.591507370471954346e+03 2.325824424238448955e+02
8.597368321895599365e+03 2.325824424238448955e+02
8.617450800180435181e+03 2.325824424238448955e+02
8.629037773370742798e+03 2.325824424238448955e+02
8.636108467102050781e+03 2.325824424238448955e+02
8.641656968116760254e+03 2.325824424238448955e+02
8.647289275646209717e+03 2.325824424238448955e+02
8.653095374584197998e+03 2.325824424238448955e+02
8.659276134729385376e+03 2.325824424238448955e+02
8.660454512119293213e+03 2.325824424238448955e+02
8.667761139631271362e+03 2.325824424238448955e+02
8.670631157636642456e+03 2.325824424238448955e+02
8.690101824998855591e+03 2.325824424238448955e+02
8.695716532945632935e+03 2.325824424238448955e+02
8.698346129179000854e+03 2.325824424238448955e+02
8.721933121442794800e+03 2.325824424238448955e+02
8.730549175262451172e+03 2.325824424238448955e+02
8.738994372129440308e+03 2.325824424238448955e+02
8.739658649444580078e+03 2.325824424238448955e+02
8.741581724166870117e+03 2.325824424238448955e+02
8.747906028032302856e+03 2.325824424238448955e+02
8.759441128969192505e+03 2.325824424238448955e+02
8.768035616874694824e+03 2.325824424238448955e+02
8.775800869941711426e+03 2.325824424238448955e+02
8.857765272617340088e+03 2.325824424238448955e+02
8.864177788972854614e+03 2.325824424238448955e+02
8.884014501333236694e+03 2.325824424238448955e+02
8.895245057582855225e+03 2.325824424238448955e+02
8.902673238992691040e+03 2.325824424238448955e+02
8.927766992807388306e+03 2.325824424238448955e+02
8.934036832809448242e+03 2.325824424238448955e+02
8.953875383377075195e+03 2.325824424238448955e+02
8.960059493303298950e+03 2.325824424238448955e+02
8.971592400312423706e+03 2.325824424238448955e+02
8.980262707710266113e+03 2.325824424238448955e+02
8.993187169313430786e+03 2.325824424238448955e+02
9.013634786605834961e+03 2.325824424238448955e+02
9.019949809551239014e+03 2.325824424238448955e+02
9.036308513879776001e+03 2.325824424238448955e+02
9.060288246631622314e+03 2.325824424238448955e+02
9.069090147018432617e+03 2.325824424238448955e+02
9.082186683416366577e+03 2.325824424238448955e+02
9.088771384000778198e+03 2.325824424238448955e+02
9.090736559391021729e+03 2.325824424238448955e+02
9.097164573669433594e+03 2.325824424238448955e+02
9.121153406381607056e+03 2.325824424238448955e+02
9.129754385709762573e+03 2.325824424238448955e+02
9.138794128417968750e+03 2.325824424238448955e+02
9.221188566923141479e+03 2.325824424238448955e+02
9.237353173494338989e+03 2.325824424238448955e+02
9.257449756383895874e+03 2.325824424238448955e+02
9.258694623470306396e+03 2.325824424238448955e+02
9.267414314508438110e+03 2.325824424238448955e+02
9.276138380050659180e+03 2.325824424238448955e+02
9.282646502971649170e+03 2.325824424238448955e+02
9.301370471239089966e+03 2.325869062380881473e+02
9.306710430383682251e+03 2.325869062380881473e+02
9.318286508083343506e+03 2.325869062380881473e+02
9.325852685928344727e+03 2.325869062380881473e+02
9.334170217275619507e+03 2.325869062380881473e+02
9.353989454984664917e+03 2.325869062380881473e+02
9.360093613386154175e+03 2.325869062380881473e+02
9.380278898239135742e+03 2.325869062380881473e+02
9.386116145133972168e+03 2.325869062380881473e+02
9.394920512914657593e+03 2.325869062380881473e+02
9.396036141633987427e+03 2.325869062380881473e+02
9.401678119897842407e+03 2.325869062380881473e+02
9.414880987405776978e+03 2.325869062380881473e+02
9.428544974803924561e+03 2.325869062380881473e+02
9.439794984579086304e+03 2.325869062380881473e+02
9.439989291429519653e+03 2.325869062380881473e+02
9.446532977581024170e+03 2.325869062380881473e+02
9.466341911792755127e+03 2.327201154511880645e+02
9.492867261648178101e+03 2.327201154511880645e+02
9.513285666942596436e+03 2.327201154511880645e+02
9.524948409557342529e+03 2.327201154511880645e+02
9.533076684474945068e+03 2.327201154511880645e+02
9.559541978836059570e+03 2.327201154511880645e+02
9.565772475719451904e+03 2.327201154511880645e+02
9.585585769414901733e+03 2.327201154511880645e+02
9.588250452995300293e+03 2.327201154511880645e+02
9.597183212518692017e+03 2.327201154511880645e+02
9.603678081512451172e+03 2.327201154511880645e+02
9.629615441322326660e+03 2.327201154511880645e+02
9.647437730312347412e+03 2.327201154511880645e+02
9.651994218826293945e+03 2.327201154511880645e+02
9.672044293403625488e+03 2.333074211801905449e+02
9.678299885749816895e+03 2.333074211801905449e+02
9.684746895074844360e+03 2.333074211801905449e+02
9.711286127090454102e+03 2.333074211801905449e+02
9.717333060503005981e+03 2.333074211801905449e+02
9.737251072168350220e+03 2.333074211801905449e+02
9.743260523080825806e+03 2.333074211801905449e+02
9.748243612051010132e+03 2.333074211801905449e+02
9.756991919994354248e+03 2.333074211801905449e+02
9.783422288894653320e+03 2.333074211801905449e+02
9.823491144895553589e+03 2.333074211801905449e+02
9.834968311309814453e+03 2.333074211801905449e+02
9.846631105184555054e+03 2.333074211801905449e+02
9.858072304487228394e+03 2.333074211801905449e+02
9.866457720518112183e+03 2.333074211801905449e+02
9.893332850694656372e+03 2.333074211801905449e+02
9.897427054882049561e+03 2.333074211801905449e+02
9.948653017997741699e+03 2.333074211801905449e+02
9.954978598356246948e+03 2.336872349324570450e+02
9.966382664442062378e+03 2.336872349324570450e+02
9.975003253698348999e+03 2.336872349324570450e+02
1.000088320446014404e+04 2.336872349324570450e+02
1.000227532362937927e+04 2.336872349324570450e+02
1.001073473215103149e+04 2.336872349324570450e+02
1.003035171151161194e+04 2.336872349324570450e+02
1.005543663644790649e+04 2.336872349324570450e+02
1.006813399338722229e+04 2.336872349324570450e+02
1.009151840782165527e+04 2.336872349324570450e+02
1.009728892755508423e+04 2.336872349324570450e+02
1.014782086133956909e+04 2.336872349324570450e+02
1.015434150052070618e+04 2.336872349324570450e+02
1.016129083085060120e+04 2.336872349324570450e+02
1.017012511277198792e+04 2.336872349324570450e+02
1.019604090499877930e+04 2.336872349324570450e+02
1.027601580619812012e+04 2.336872349324570450e+02
1.028240107083320618e+04 2.336872349324570450e+02
1.029410343241691589e+04 2.336872349324570450e+02
1.030535980200767517e+04 2.336872349324570450e+02
1.031223871850967407e+04 2.336872349324570450e+02
1.033866440749168396e+04 2.336872349324570450e+02
1.034492479300498962e+04 2.336872349324570450e+02
1.039632586336135864e+04 2.336872349324570450e+02
1.040272856640815735e+04 2.336872349324570450e+02
1.041429183626174927e+04 2.336872349324570450e+02
1.044032399034500122e+04 2.336872349324570450e+02
1.046381174063682556e+04 2.336872349324570450e+02
1.050360724115371704e+04 2.336872349324570450e+02
1.050982243776321411e+04 2.336872349324570450e+02
1.052802384877204895e+04 2.336872349324570450e+02
1.053906257867813110e+04 2.336872349324570450e+02
1.054682538604736328e+04 2.336872349324570450e+02
1.057027603673934937e+04 2.336872349324570450e+02
1.057681609654426575e+04 2.336872349324570450e+02
1.060314988327026367e+04 2.336872349324570450e+02
1.060948047661781311e+04 2.336872349324570450e+02
1.063156764197349548e+04 2.336872349324570450e+02
1.063731879138946533e+04 2.336872349324570450e+02
1.066104644489288330e+04 2.336872349324570450e+02
1.068803068685531616e+04 2.336872349324570450e+02
1.069930846858024597e+04 2.336872349324570450e+02
1.071916622877120972e+04 2.336872349324570450e+02
1.074299858450889587e+04 2.336872349324570450e+02
1.075048701190948486e+04 2.336872349324570450e+02
1.075224848675727844e+04 2.336872349324570450e+02
1.083369334936141968e+04 2.336872349324570450e+02
1.088590497016906738e+04 2.336872349324570450e+02
1.089180806779861450e+04 2.336872349324570450e+02
1.091565381932258606e+04 2.336872349324570450e+02
1.093703059720993042e+04 2.336872349324570450e+02
1.096282787036895752e+04 2.336872349324570450e+02
1.098156801056861877e+04 2.336872349324570450e+02
1.099327312850952148e+04 2.336872349324570450e+02
1.101332689476013184e+04 2.340771573100717546e+02
1.103717415881156921e+04 2.340771573100717546e+02
1.104303160595893860e+04 2.340771573100717546e+02
1.106625206136703491e+04 2.340771573100717546e+02
1.107060820817947388e+04 2.340771573100717546e+02
1.107700323700904846e+04 2.340771573100717546e+02
1.108329824042320251e+04 2.340771573100717546e+02
1.109113958096504211e+04 2.340771573100717546e+02
1.110280013513565063e+04 2.340771573100717546e+02
1.112873936128616333e+04 2.340771573100717546e+02
1.114879423952102661e+04 2.340771573100717546e+02
1.115493680644035339e+04 2.340771573100717546e+02
1.116131305313110352e+04 2.340771573100717546e+02
1.117301953625679016e+04 2.340771573100717546e+02
1.118088479924201965e+04 2.340771573100717546e+02
1.120725730228424072e+04 2.340771573100717546e+02
1.121333353519439697e+04 2.340771573100717546e+02
1.123369592213630676e+04 2.340771573100717546e+02
1.124510553693771362e+04 2.340771573100717546e+02
1.125079414772987366e+04 2.340771573100717546e+02
1.125154535579681396e+04 2.340771573100717546e+02
1.127795622110366821e+04 2.340771573100717546e+02
1.136004992485046387e+04 2.340771573100717546e+02
1.136642869925498962e+04 2.340771573100717546e+02
1.138651171255111694e+04 2.340771573100717546e+02
1.139810654091835022e+04 2.340771573100717546e+02
1.140463463258743286e+04 2.340771573100717546e+02
1.143007407879829407e+04 2.340771573100717546e+02
1.145002932691574097e+04 2.340771573100717546e+02
1.149032658600807190e+04 2.369099454561313109e+02
1.149641906380653381e+04 2.369099454561313109e+02
1.150375693845748901e+04 2.369099454561313109e+02
1.151129356861114502e+04 2.369099454561313109e+02
1.153725219750404358e+04 2.369099454561313109e+02
1.155551170563697815e+04 2.369099454561313109e+02
1.157142024970054626e+04 2.369099454561313109e+02
1.159044096350669861e+04 2.369135092955139328e+02
1.161428023314476013e+04 2.369135092955139328e+02
1.162190506696701050e+04 2.369135092955139328e+02
1.162603208708763123e+04 2.369135092955139328e+02
1.170763088822364807e+04 2.369135092955139328e+02
1.171325171136856079e+04 2.369802820866698880e+02
1.171970958280563354e+04 2.369802820866698880e+02
1.173091112852096558e+04 2.369802820866698880e+02
1.173849719071388245e+04 2.369802820866698880e+02
1.174721492195129395e+04 2.369802820866698880e+02
1.176744188404083252e+04 2.369802820866698880e+02
1.177336896491050720e+04 2.369802820866698880e+02
1.179312962102890015e+04 2.369802820866698880e+02
1.180471879792213440e+04 2.369802820866698880e+02
1.181223237681388855e+04 2.369802820866698880e+02
1.183802678418159485e+04 2.369802820866698880e+02
1.190949443626403809e+04 2.369802820866698880e+02
1.192936426305770874e+04 2.369802820866698880e+02
1.193561414504051208e+04 2.369802820866698880e+02
1.195680460762977600e+04 2.369802820866698880e+02
1.198300972390174866e+04 2.369802820866698880e+02
1.200941920018196106e+04 2.369802820866698880e+02
1.202757438111305237e+04 2.369802820866698880e+02
1.203022083258628845e+04 2.369802820866698880e+02
1.204996127367019653e+04 2.369802820866698880e+02
1.206159336185455322e+04 2.369802820866698880e+02
1.206868826031684875e+04 2.369802820866698880e+02
1.209519771385192871e+04 2.369802820866698880e+02
1.210138197469711304e+04 2.369802820866698880e+02
1.212140087509155273e+04 2.369802820866698880e+02
1.212367281842231750e+04 2.369802820866698880e+02
1.213503077507019043e+04 2.369802820866698880e+02
1.216147761821746826e+04 2.369802820866698880e+02
1.216722619128227234e+04 2.369802820866698880e+02
1.218752305150032043e+04 2.369802820866698880e+02
1.219398436570167542e+04 2.369802820866698880e+02
1.221418885827064514e+04 2.369802820866698880e+02
1.222694845938682556e+04 2.369802820866698880e+02
1.225064365887641907e+04 2.369802820866698880e+02
1.226214013075828552e+04 2.369802820866698880e+02
1.226782205820083618e+04 2.369802820866698880e+02
1.229482678771018982e+04 2.369802820866698880e+02
1.229670048260688782e+04 2.369802820866698880e+02
1.230830716419219971e+04 2.369802820866698880e+02
1.231004759955406189e+04 2.369802820866698880e+02
1.233632514071464539e+04 2.369802820866698880e+02
1.235654716372489929e+04 2.369802820866698880e+02
1.235865416049957275e+04 2.369802820866698880e+02
1.237864115285873413e+04 2.369802820866698880e+02
1.238978741145133972e+04 2.369802820866698880e+02
1.240104309248924255e+04 2.369802820866698880e+02
1.242431155920028687e+04 2.369802820866698880e+02
1.245973620820045471e+04 2.369802820866698880e+02
1.247935685896873474e+04 2.370817884261581980e+02
1.249473740935325623e+04 2.370817884261581980e+02
1.250633159685134888e+04 2.370817884261581980e+02
1.251478258681297302e+04 2.370817884261581980e+02
1.254132582807540894e+04 2.370817884261581980e+02
1.256129727101325989e+04 2.370817884261581980e+02
1.256733942675590515e+04 2.370817884261581980e+02
1.258715835309028625e+04 2.370817884261581980e+02
1.261103841590881348e+04 2.370817884261581980e+02
1.263746698093414307e+04 2.370817884261581980e+02
1.264232454848289490e+04 2.370817884261581980e+02
1.266234722113609314e+04 2.370817884261581980e+02
1.268222881031036377e+04 2.370817884261581980e+02
1.268725100302696228e+04 2.370817884261581980e+02
1.269744136118888855e+04 2.370817884261581980e+02
1.270470911741256714e+04 2.370817884261581980e+02
1.273109563755989075e+04 2.370817884261581980e+02
1.275072862815856934e+04 2.370817884261581980e+02
1.275537022280693054e+04 2.370817884261581980e+02
1.278338401699066162e+04 2.370817884261581980e+02
1.279489341402053833e+04 2.370817884261581980e+02
1.280255314731597900e+04 2.370817884261581980e+02
1.282875778150558472e+04 2.370817884261581980e+02
1.285544089198112488e+04 2.370817884261581980e+02
1.287474141883850098e+04 2.370817884261581980e+02
1.289060848975181580e+04 2.370817884261581980e+02
1.291173727536201477e+04 2.370817884261581980e+02
1.291884016680717468e+04 2.370817884261581980e+02
1.292568900990486145e+04 2.370817884261581980e+02
1.294265393900871277e+04 2.370817884261581980e+02
1.295614026093482971e+04 2.373668215342952408e+02
1.297226598167419434e+04 2.373668215342952408e+02
1.298349453544616699e+04 2.373668215342952408e+02
1.299020209980010986e+04 2.373668215342952408e+02
1.299347503423690796e+04 2.373668215342952408e+02
1.303309987258911133e+04 2.373668215342952408e+02
1.305360293436050415e+04 2.373668215342952408e+02
1.306002952384948730e+04 2.373668215342952408e+02
1.307288028478622437e+04 2.373668215342952408e+02
1.307855357170104980e+04 2.373668215342952408e+02
1.310497800588607788e+04 2.373668215342952408e+02
1.318670352625846863e+04 2.373668215342952408e+02
1.319228411746025085e+04 2.373668215342952408e+02
1.321877962636947632e+04 2.373668215342952408e+02
1.322990172815322876e+04 2.373668215342952408e+02
1.323752211451530457e+04 2.373668215342952408e+02
1.326075175237655640e+04 2.373668215342952408e+02
1.334106435942649841e+04 2.373668215342952408e+02
1.336056289505958557e+04 2.377565648641972871e+02
1.336623031687736511e+04 2.377565648641972871e+02
1.337487485456466675e+04 2.377565648641972871e+02
1.338051915717124939e+04 2.377565648641972871e+02
1.340690846085548401e+04 2.377565648641972871e+02
1.344123820829391479e+04 2.377565648641972871e+02
1.344626118803024292e+04 2.377565648641972871e+02
1.345943230152130127e+04 2.377565648641972871e+02
1.346982264471054077e+04 2.377565648641972871e+02
1.347662810587882996e+04 2.377565648641972871e+02
1.349956713533401489e+04 2.377565648641972871e+02
1.357208243560791016e+04 2.377565648641972871e+02
1.358483826589584351e+04 2.377612371758922905e+02
1.360106881570816040e+04 2.377612371758922905e+02
1.360382213592529297e+04 2.377612371758922905e+02
1.360436834263801575e+04 2.377612371758922905e+02
1.361090667796134949e+04 2.377612371758922905e+02
