-1.264705882352941124e+01 4.219767844658398381e+00
-4.235294117647058698e+01 4.315655525231530731e+00
-3.911764705882352899e+01 4.275057846120968286e+00
-4.205882352941176805e+01 4.292145267814121645e+00
-5.500000000000000711e+01 5.390074493113927723e+00
-3.441176470588235503e+01 4.250005028486895320e+00
-5.323529411764705799e+01 4.795156749400232066e+00
-5.205882352941176805e+01 4.454280672796099516e+00
-4.882352941176470296e+01 4.352973179005932280e+00
-4.176470588235294201e+01 4.282690072268218628e+00
-5.000000000000000000e+01 4.384675923359566241e+00
-4.764705882352940591e+01 4.343034210479197910e+00
-5.411764705882352899e+01 4.938199389936518635e+00
