-1.264705882352941124e+01 4.219767844658398381e+00
-4.235294117647058698e+01 4.315655525231530731e+00
-3.911764705882352899e+01 4.275057846120968286e+00
-4.205882352941176805e+01 4.292145267814121645e+00
-4.852941176470588402e+01 4.418467020946600599e+00
-5.147058823529411598e+01 4.454280672796099516e+00
-5.500000000000000711e+01 5.390074493113927723e+00
-3.441176470588235503e+01 4.250005028486895320e+00
-5.323529411764705799e+01 4.795156749400232066e+00
-4.911764705882352899e+01 4.453364213801836335e+00
