-1.264705882352941124e+01 4.219767844658398381e+00
-3.911764705882352899e+01 4.275057846120968286e+00
-3.441176470588235503e+01 4.250005028486895320e+00
-5.323529411764705799e+01 4.795156749400232066e+00
-5.205882352941176805e+01 4.454280672796099516e+00
-4.882352941176470296e+01 4.352973179005932280e+00
-5.000000000000000000e+01 4.384675923359566241e+00
-4.764705882352940591e+01 4.343034210479197910e+00
-4.294117647058823195e+01 4.281124309449275245e+00
-5.411764705882352899e+01 4.873965460004404449e+00
-2.470588235294117752e+01 4.247752382497469448e+00
-4.852941176470588402e+01 4.351815625616890948e+00
-5.470588235294118107e+01 4.937091412117530886e+00
-5.588235294117647101e+01 5.226236337509747365e+00
-5.264705882352941302e+01 4.698718040459925582e+00
-5.058823529411764497e+01 4.414388326931074857e+00
-4.558823529411764497e+01 4.333628612518690915e+00
