-5.205882352941176805e+01 4.454280672796099516e+00
-4.882352941176470296e+01 4.352973179005932280e+00
-5.000000000000000000e+01 4.384675923359566241e+00
-4.764705882352940591e+01 4.343034210479197910e+00
-4.852941176470588402e+01 4.351815625616890948e+00
-5.588235294117647101e+01 5.226236337509747365e+00
-5.058823529411764497e+01 4.414388326931074857e+00
-5.470588235294118107e+01 4.661329867831165430e+00
-3.205882352941176805e+01 3.805296916157984821e+00
-3.970588235294117396e+01 3.832700470960567429e+00
-4.588235294117647101e+01 3.951386094880292799e+00
-1.176470588235294024e+01 3.804616416987255167e+00
