4.683983095679022490e+00 -1.019999999999999929e+01
5.901209770632338980e+00 -8.953333333333333144e+01
6.370829581772587957e+00 -9.194166666666666288e+01
6.370829581772587957e+00 -9.197499999999999432e+01
5.554848803132108159e+00 -1.012500000000000000e+01
5.743618716643850597e+00 -9.202500000000000568e+01
4.344451223686138341e+00 -9.800000000000000711e+00
6.004170419468618292e+00 -1.031666666666666643e+01
5.850795058142368887e+00 -9.173333333333333428e+01
5.538104754286681697e+00 -9.775000000000000355e+00
6.367537243053428497e+00 -9.210833333333333428e+01
6.262390569069528290e+00 -9.733333333333332504e+00
6.632908663064775112e+00 -9.105833333333333712e+01
5.821871690000351762e+00 -7.570833333333332860e+01
6.294466005707485046e+00 -9.228333333333333144e+01
6.001482320248671343e+00 -9.153333333333333144e+01
5.538104754286681697e+00 -1.002500000000000036e+01
