3.751670119762420654e+02 2.913478681750534349e+01
4.550248544216156006e+02 3.382337242407396616e+01
6.607705733776092529e+02 2.003273972872417232e+02
7.320224988460540771e+02 2.042509827111394145e+02
9.535429916381835938e+02 2.043052883917469842e+02
4.309074901580810547e+03 2.043052883917469842e+02
4.568982959032058716e+03 2.184517709346908987e+02
5.156455389261245728e+03 2.217791832802211616e+02
5.182259284257888794e+03 2.217791832802211616e+02
5.239923106908798218e+03 2.217791832802211616e+02
8.597078250169754028e+03 2.217791832802211616e+02
8.744592271804809570e+03 2.219152218433000314e+02
8.912124009847640991e+03 2.219152218433000314e+02
9.662236161470413208e+03 2.219152218433000314e+02
9.868306052684783936e+03 2.219152218433000314e+02
9.952723345756530762e+03 2.222197795620800491e+02
1.018411124253273010e+04 2.222197795620800491e+02
1.353683775615692139e+04 2.222197795620800491e+02
